chr1	5013148	5014216	14	29	21	21	26	23
chr1	36355539	36356823	16	35	28	22	33	27
chr1	37436330	37437667	10	18	17	23	18	21
chr1	93240645	93242111	18	40	29	28	32	43
chr1	137133431	137134537	15	22	20	18	25	23
chr1	158678162	158679227	8	21	11	18	16	14
chr1	9638940	9639984	12	19	8	15	12	22
chr1	13115972	13117184	12	19	15	8	15	21
chr1	34248655	34249735	12	17	11	15	7	8
chr1	34617156	34618354	6	15	14	10	14	19
chr1	34643678	34644806	15	20	18	13	20	9
chr1	36160001	36161598	26	30	21	29	22	26
chr1	36582263	36583248	16	24	9	11	12	7
chr1	36608327	36610326	52	79	53	62	48	41
chr1	36837355	36839206	14	21	16	8	11	13
chr1	38778393	38779401	2	9	3	3	6	7
chr1	43786932	43788274	8	12	14	10	10	10
chr1	63372098	63373180	28	16	14	23	18	18
chr1	63660557	63661669	24	28	20	18	21	17
chr1	69423282	69424471	6	13	4	6	5	17
chr1	74020197	74021295	32	38	31	38	23	31
chr1	74047737	74048893	9	13	25	21	18	18
chr1	74077112	74078303	45	52	41	47	37	63
chr1	75356304	75357876	47	50	37	37	38	41
chr1	75384653	75386328	51	73	61	61	47	67
chr1	75486964	75488273	29	40	28	26	22	24
chr1	75485564	75486840	29	43	31	22	32	13
chr1	82283099	82284419	33	37	29	22	30	42
chr1	87914277	87915632	15	13	5	10	18	18
chr1	89023325	89024801	24	30	18	18	18	28
chr1	89564139	89565126	16	16	13	10	22	19
chr1	92904478	92905713	20	26	12	17	18	12
chr1	93041113	93042333	10	11	9	14	9	14
chr1	93217918	93219596	31	46	38	40	27	38
chr1	93221151	93222410	32	26	29	29	16	25
chr1	93319706	93321236	11	28	26	27	28	26
chr1	93696529	93697930	15	11	13	11	17	21
chr1	94597756	94599227	37	61	55	43	49	64
chr1	94632461	94633895	27	40	39	37	29	34
chr1	94749357	94750515	13	10	8	11	11	15
chr1	94754015	94755991	11	20	13	18	14	10
chr1	94930759	94932024	15	15	15	18	8	12
chr1	95089124	95090307	9	25	15	13	14	23
chr1	95178632	95180377	15	25	14	22	14	16
chr1	120406528	120407550	6	14	8	8	4	6
chr1	121085684	121086993	27	34	37	28	31	21
chr1	134256370	134258352	24	27	24	12	27	27
chr1	135168411	135169688	14	19	6	16	13	14
chr1	136883341	136885134	29	38	32	33	31	36
chr1	137056956	137058622	15	18	21	23	18	21
chr1	137785773	137787021	11	11	9	24	10	16
chr1	156051397	156052951	3	15	6	11	24	12
chr1	158534768	158535825	19	25	23	17	21	23
chr1	167931121	167932278	15	19	10	16	14	12
chr1	167973001	167974308	29	34	29	27	38	30
chr1	168185941	168187018	26	27	27	27	27	33
chr1	173180525	173181903	48	74	76	47	60	73
chr1	174247076	174249129	67	82	78	74	55	75
chr1	174255377	174257042	24	33	25	23	29	34
chr1	180608725	180609724	9	13	11	14	8	8
chr1	180844473	180846063	5	15	9	14	9	10
chr1	183765868	183766897	13	12	6	10	7	8
chr1	186735584	186736849	8	8	6	7	6	10
chr1	187278858	187279910	25	27	29	19	12	12
chr1	188791393	188792510	7	11	2	5	12	7
chr1	191664111	191665522	16	25	18	14	19	12
chr10	79002673	79003950	7	11	9	12	12	8
chr10	79413005	79414244	22	25	27	25	21	18
chr10	79593053	79595457	65	104	74	66	73	48
chr10	79773099	79780462	177	312	210	196	162	180
chr10	79854775	79856600	19	42	33	25	27	29
chr10	80068399	80070946	52	85	64	73	53	50
chr10	80296666	80299199	56	89	81	75	59	78
chr10	80329669	80332129	27	47	27	23	30	32
chr10	80493082	80494938	29	26	32	28	20	37
chr10	80543244	80545380	28	52	26	45	33	36
chr10	80951975	80954140	55	55	38	59	35	38
chr10	93257439	93258503	8	15	6	11	10	13
chr10	9619784	9620941	8	11	7	8	4	4
chr10	12683750	12684937	18	23	16	9	10	16
chr10	13193136	13194210	21	24	17	16	13	12
chr10	25999405	26000560	11	21	20	24	25	19
chr10	42741761	42742872	19	27	18	16	18	18
chr10	42740419	42741454	11	23	18	19	17	18
chr10	43229554	43232336	39	63	44	39	40	41
chr10	43252498	43253537	17	35	23	20	21	19
chr10	43723120	43724556	33	39	31	20	31	31
chr10	43867931	43869111	20	20	12	21	26	17
chr10	44877469	44878803	11	16	8	11	10	12
chr10	57514016	57515257	28	32	27	22	18	29
chr10	57686837	57687894	25	28	17	15	25	34
chr10	59647766	59649914	29	55	25	31	25	44
chr10	59765025	59766959	16	30	26	28	28	19
chr10	59776469	59777851	12	10	15	10	18	18
chr10	59810861	59811999	41	63	60	63	54	51
chr10	59895084	59896296	15	13	11	15	18	14
chr10	59901132	59902242	10	5	4	3	8	8
chr10	60394259	60395491	42	56	36	42	54	49
chr10	60427834	60428887	18	16	13	15	19	16
chr10	60733344	60734320	20	17	13	20	8	10
chr10	60783360	60784623	7	10	7	10	11	11
chr10	60804650	60806218	61	89	65	67	60	60
chr10	61161770	61163021	14	25	25	11	9	8
chr10	61328610	61329658	9	11	9	5	10	7
chr10	61591579	61592784	32	47	28	31	31	33
chr10	61653254	61654898	12	22	17	21	12	17
chr10	66481297	66482301	13	22	26	12	13	21
chr10	66501212	66502489	22	33	23	14	15	16
chr10	67598912	67600046	23	42	35	27	32	41
chr10	74441265	74442452	20	18	21	31	22	24
chr10	74869018	74870500	23	30	27	22	28	20
chr10	75119096	75120402	8	9	12	3	4	11
chr10	75179734	75180828	11	12	7	13	6	7
chr10	75175519	75176878	12	16	13	17	9	9
chr10	75171695	75172862	17	23	19	16	11	9
chr10	75842280	75843542	15	16	11	13	8	8
chr10	75898648	75899858	18	28	11	6	4	15
chr10	76575621	76577199	71	79	47	39	57	56
chr10	76727825	76729112	17	20	13	8	12	14
chr10	77126289	77127732	20	31	22	14	16	22
chr10	77443835	77445008	7	12	14	5	15	13
chr10	77445005	77446426	11	17	20	21	12	9
chr10	77457540	77458613	14	9	6	22	7	11
chr10	78051201	78052903	23	41	29	24	33	18
chr10	79074480	79076433	62	114	81	81	76	67
chr10	79137495	79139294	41	30	38	39	58	42
chr10	79240258	79242295	79	99	83	106	74	76
chr10	79327265	79330778	82	120	81	87	86	79
chr10	79353658	79355021	41	67	51	35	45	44
chr10	79358789	79360344	48	87	54	49	40	51
chr10	79376136	79378127	69	91	58	72	51	57
chr10	79392826	79394344	43	52	46	50	47	46
chr10	79435018	79436616	25	41	27	32	30	38
chr10	79437929	79441358	97	141	109	89	63	108
chr10	79440812	79442741	91	119	92	89	71	80
chr10	79590448	79591884	29	26	22	21	22	17
chr10	79595496	79596717	36	74	41	39	39	34
chr10	79599332	79600627	35	77	60	37	36	34
chr10	79596453	79597753	39	59	59	46	44	51
chr10	79703142	79704719	27	31	21	7	11	12
chr10	79716973	79718471	62	71	60	51	51	68
chr10	79741223	79742628	30	31	24	21	14	13
chr10	79783767	79785451	67	110	80	68	64	67
chr10	79843347	79844701	23	39	31	24	21	20
chr10	79844159	79845745	38	65	51	49	39	43
chr10	79857262	79858660	58	71	40	49	34	46
chr10	79879304	79880821	30	47	26	28	32	34
chr10	79882861	79884472	34	35	23	16	22	30
chr10	80004888	80006187	28	38	30	33	36	29
chr10	80008698	80009996	22	30	30	27	22	23
chr10	80107014	80108003	16	30	22	16	11	23
chr10	80101752	80103745	42	51	44	44	44	41
chr10	80105142	80107379	37	52	44	41	28	37
chr10	80128221	80130472	108	142	81	86	94	103
chr10	80131898	80133484	28	49	35	34	43	38
chr10	80136279	80137686	80	84	51	76	54	66
chr10	80240429	80241591	10	13	12	12	8	9
chr10	80250899	80252049	15	13	4	10	7	13
chr10	80252932	80256687	137	201	118	135	118	103
chr10	80326081	80328889	45	71	46	47	37	30
chr10	80324372	80325572	9	15	7	13	5	8
chr10	80328738	80330138	16	21	14	17	21	15
chr10	80358776	80361470	89	112	109	86	94	99
chr10	80352422	80353717	27	34	19	25	26	17
chr10	80398129	80399661	64	98	62	71	54	71
chr10	80508510	80509711	7	33	17	24	12	21
chr10	80513241	80514412	11	17	11	13	15	13
chr10	80605575	80608489	118	152	127	103	111	119
chr10	80611887	80613501	30	49	32	20	33	31
chr10	80610154	80612126	29	51	31	34	36	31
chr10	80704285	80705537	28	25	29	29	37	35
chr10	80701794	80703648	48	78	58	43	48	60
chr10	80733281	80734816	20	28	19	17	20	32
chr10	80753103	80754539	84	119	61	76	66	77
chr10	80774781	80777305	76	90	52	55	42	51
chr10	80794559	80796330	46	72	40	43	54	71
chr10	80917474	80919199	28	60	40	42	49	47
chr10	80955036	80956624	26	35	27	34	27	29
chr10	81049113	81050459	42	65	50	38	40	37
chr10	81056419	81057617	64	78	59	67	70	66
chr10	81097052	81098348	46	58	49	61	46	58
chr10	81084735	81086080	42	66	43	50	34	34
chr10	83086474	83087517	5	10	2	7	10	8
chr10	84306383	84307561	18	10	12	16	17	19
chr10	84627319	84628387	18	15	12	7	23	19
chr10	88348270	88349726	22	26	19	24	26	42
chr10	93308470	93309788	30	48	22	19	43	27
chr10	93774204	93775433	14	11	9	12	17	18
chr10	120073867	120074969	11	11	9	7	8	12
chr10	126714718	126716001	15	25	13	15	12	28
chr10	126722192	126723701	60	87	45	55	39	44
chr10	126767923	126769274	26	45	35	33	26	37
chr10	127003186	127004311	9	12	9	17	15	9
chr10	127030167	127031548	20	30	12	27	32	25
chr10	127923919	127925070	21	32	21	26	24	38
chr10	127924607	127925929	37	31	29	26	23	36
chr11	98565756	98567471	33	54	45	29	29	30
chr11	60522440	60524637	23	44	28	30	28	25
chr11	61357139	61358463	32	49	33	33	37	25
chr11	68369071	68370558	12	21	14	17	16	10
chr11	69778981	69780082	32	57	33	33	24	27
chr11	72301790	72303350	48	74	45	39	22	28
chr11	76249899	76251430	30	35	27	38	31	40
chr11	77282184	77283628	33	38	24	18	30	36
chr11	77872011	77873168	10	10	18	12	8	13
chr11	78020029	78021334	20	26	16	16	11	18
chr11	82280343	82281463	11	9	18	12	11	8
chr11	84770800	84772410	32	37	30	30	40	52
chr11	100121527	100122902	25	33	30	37	22	38
chr11	113589408	113591335	43	65	64	51	45	52
chr11	115178834	115180851	52	68	53	65	59	63
chr11	115915738	115917011	18	21	24	17	14	18
chr11	116554696	116556217	45	51	47	39	27	34
chr11	117980114	117981591	11	13	17	19	17	13
chr11	118372854	118375541	69	89	57	85	64	66
chr11	119880634	119882146	36	48	53	60	35	47
chr11	3401565	3403540	46	64	51	49	58	60
chr11	3429170	3430626	33	34	29	29	24	27
chr11	4387966	4389091	16	24	20	31	18	21
chr11	5004490	5006267	53	65	58	50	36	41
chr11	5051295	5052539	22	46	39	32	40	39
chr11	5162643	5163916	63	63	42	58	64	46
chr11	6296702	6298002	31	26	21	18	18	16
chr11	6493096	6494846	19	40	24	19	17	14
chr11	22411877	22412970	9	21	14	14	14	9
chr11	24063593	24065317	41	62	54	55	39	53
chr11	32109111	32111482	46	53	40	46	23	27
chr11	34107135	34108649	11	11	17	16	21	19
chr11	35442813	35443789	8	16	14	19	20	22
chr11	35513261	35514391	18	28	19	23	19	16
chr11	35610466	35612119	29	23	14	16	22	39
chr11	43588863	43590292	19	27	23	24	25	39
chr11	45979103	45980428	25	39	34	22	29	29
chr11	46124714	46126087	20	46	38	35	21	28
chr11	48176400	48177565	10	7	9	5	10	12
chr11	50552707	50553631	6	20	19	11	15	18
chr11	51224026	51225455	23	24	23	21	23	11
chr11	52216263	52217388	26	35	19	19	20	14
chr11	53291182	53292688	39	39	30	32	45	38
chr11	54090405	54091387	13	8	4	17	7	7
chr11	54600103	54601234	17	17	16	17	12	10
chr11	55048573	55049774	11	23	17	16	9	20
chr11	55154969	55156269	25	29	31	34	29	31
chr11	58453512	58455059	22	30	32	24	19	26
chr11	58889302	58891101	14	18	9	9	13	17
chr11	58947596	58948886	23	22	19	20	19	25
chr11	59550284	59551494	11	11	17	10	6	18
chr11	59579648	59580797	12	16	12	14	10	17
chr11	60310491	60311793	28	39	31	24	24	28
chr11	60534460	60535785	15	19	12	16	14	18
chr11	61155543	61156648	24	28	24	21	25	30
chr11	65000025	65001606	11	11	13	14	11	14
chr11	66706281	66707611	9	16	10	6	8	7
chr11	67177807	67179155	13	15	15	18	12	12
chr11	68186133	68187374	15	22	18	20	15	10
chr11	68198473	68199836	35	59	55	42	22	23
chr11	68346607	68347766	10	25	17	11	18	16
chr11	68635486	68636529	17	19	18	13	11	6
chr11	68969924	68971305	40	56	48	42	43	51
chr11	69122437	69123567	8	13	7	11	10	10
chr11	69127810	69129062	18	25	12	18	17	8
chr11	69590936	69592994	60	67	60	63	51	51
chr11	69639769	69640994	9	5	12	5	15	25
chr11	70539053	70540350	6	12	12	15	5	15
chr11	72774343	72775879	40	57	27	35	26	40
chr11	74670420	74672072	40	52	47	44	62	39
chr11	74681658	74683082	14	33	19	26	17	14
chr11	75076133	75077758	35	51	39	39	28	42
chr11	75077860	75080208	39	79	47	50	79	75
chr11	75262093	75263534	21	28	21	17	21	22
chr11	75258386	75259941	16	23	21	27	16	20
chr11	75338981	75340244	18	16	14	10	15	17
chr11	76161383	76162626	27	25	21	19	23	27
chr11	77312595	77314005	65	87	57	57	50	61
chr11	77319322	77321398	63	74	51	47	30	56
chr11	77661145	77662426	42	67	54	67	46	55
chr11	77663627	77665143	68	72	78	62	66	47
chr11	77789492	77791058	28	34	24	29	29	31
chr11	77847018	77848461	54	59	49	53	37	47
chr11	77870277	77872067	26	31	34	37	22	21
chr11	77966968	77969254	31	53	24	32	28	29
chr11	77972739	77974334	53	71	58	59	30	42
chr11	78340742	78342261	15	17	15	18	16	14
chr11	78860163	78861567	20	34	36	28	20	30
chr11	78857953	78859246	13	22	14	20	16	11
chr11	78872744	78874045	9	10	11	10	13	14
chr11	78925579	78926871	20	23	23	20	18	23
chr11	79620027	79621264	12	15	8	8	10	10
chr11	80285197	80286351	32	28	28	19	18	31
chr11	82256236	82257472	5	6	3	9	7	3
chr11	82257474	82258915	12	22	11	11	16	16
chr11	82380217	82381478	10	22	8	12	8	11
chr11	84391923	84393248	18	13	22	20	17	11
chr11	84636023	84637387	21	36	26	30	10	25
chr11	84714022	84715177	9	19	14	13	9	10
chr11	86940531	86941662	9	12	6	10	11	9
chr11	87982679	87983751	31	31	18	28	26	35
chr11	89252597	89254008	8	11	11	15	12	7
chr11	94323004	94324221	15	23	18	32	19	21
chr11	94504208	94505297	10	13	11	9	11	7
chr11	94527025	94528192	12	14	17	15	8	13
chr11	94880792	94881974	17	42	22	22	28	26
chr11	95003873	95005144	30	71	47	46	44	57
chr11	95492297	95493478	16	32	28	26	37	26
chr11	95506187	95507316	57	73	47	38	45	32
chr11	96106878	96107957	10	13	7	10	10	5
chr11	96628805	96630205	48	69	49	58	35	53
chr11	96882282	96883563	45	62	42	37	28	34
chr11	96920715	96922184	30	25	27	20	29	24
chr11	97090067	97091111	8	8	8	7	10	6
chr11	97534615	97535767	30	35	31	26	32	27
chr11	97537761	97539227	49	78	55	59	50	61
chr11	97752851	97753779	4	6	8	5	5	5
chr11	97863707	97865235	66	85	69	72	54	74
chr11	98235401	98237404	70	81	72	72	55	58
chr11	98247524	98248808	30	29	32	34	21	32
chr11	98296493	98298035	12	19	11	11	13	12
chr11	99211715	99213009	10	18	12	16	16	18
chr11	99231905	99233153	12	20	14	10	15	9
chr11	99282806	99284061	18	14	15	17	8	19
chr11	99353777	99354828	10	10	11	13	7	13
chr11	99441608	99442632	4	6	6	13	9	5
chr11	99854526	99855735	6	11	6	6	11	5
chr11	99846581	99848254	6	14	6	9	11	8
chr11	100053788	100055101	12	23	16	16	26	18
chr11	100282480	100283634	34	40	42	36	41	47
chr11	100427637	100428858	29	36	28	27	27	24
chr11	100569250	100570953	50	84	52	51	39	39
chr11	101782536	101783611	14	32	22	29	20	24
chr11	101874201	101875178	6	10	7	4	6	6
chr11	102258813	102260093	39	53	42	47	32	40
chr11	102644010	102645708	32	53	42	34	30	29
chr11	102640732	102641833	34	79	54	38	38	43
chr11	102757525	102758994	25	28	20	23	18	25
chr11	103099777	103100954	11	21	19	15	10	15
chr11	103200708	103202326	71	103	65	63	55	59
chr11	103488372	103489545	17	18	22	18	21	18
chr11	103572743	103574236	43	49	35	36	40	40
chr11	103672128	103673371	60	86	67	59	51	62
chr11	103733839	103734965	16	17	18	11	11	15
chr11	104171081	104172329	20	23	31	24	20	29
chr11	104504525	104505831	15	15	21	17	13	17
chr11	105210516	105211818	15	43	26	18	19	31
chr11	105201972	105203159	10	12	8	6	7	10
chr11	106907770	106908904	20	22	19	13	20	22
chr11	108802545	108804270	28	35	34	29	33	39
chr11	113152998	113154068	6	6	5	7	11	9
chr11	113718618	113719617	6	7	4	5	12	6
chr11	113733660	113734817	9	25	17	22	18	21
chr11	115144106	115145473	22	31	20	23	20	18
chr11	115254317	115256270	43	49	53	44	56	44
chr11	115308551	115310072	24	27	19	26	34	38
chr11	115330215	115331425	15	21	19	14	24	20
chr11	115438704	115440056	17	15	9	6	11	20
chr11	115652599	115654641	26	34	28	18	21	19
chr11	115710206	115713013	27	34	37	30	21	30
chr11	115925401	115926668	31	36	31	28	32	26
chr11	115922368	115923719	28	45	36	43	28	34
chr11	115940371	115941526	63	78	58	54	56	53
chr11	116090229	116091645	33	41	27	48	24	19
chr11	116098599	116100304	45	49	49	40	45	41
chr11	116143813	116145519	43	61	40	44	46	38
chr11	116157406	116158744	19	35	28	27	19	15
chr11	116192409	116194457	76	132	100	92	75	89
chr11	116398783	116401317	73	92	76	76	46	58
chr11	116401965	116403566	19	23	18	19	20	22
chr11	116466777	116467898	17	20	13	21	22	22
chr11	116457713	116459524	21	28	24	26	23	25
chr11	116470988	116472319	20	23	16	16	19	21
chr11	116700630	116701680	39	42	40	36	31	45
chr11	117004530	117005826	27	27	27	23	12	29
chr11	117621249	117622877	45	48	35	29	39	45
chr11	117629803	117631600	20	32	40	32	41	46
chr11	117666747	117667998	17	25	25	17	15	20
chr11	117913205	117914706	21	26	24	11	14	24
chr11	117924708	117926156	23	29	31	31	26	26
chr11	117949177	117950279	6	13	20	13	8	7
chr11	117985041	117986186	8	13	13	8	12	12
chr11	118194219	118195565	13	14	17	22	20	20
chr11	118398120	118399507	21	33	28	22	23	36
chr11	118437668	118439358	20	13	31	38	25	34
chr11	118833509	118834996	48	53	43	52	52	53
chr11	118995401	118996768	32	30	17	23	20	24
chr11	119103900	119105211	15	26	14	14	14	15
chr11	119103036	119104471	14	29	16	16	21	18
chr11	119141988	119143172	20	21	17	23	14	17
chr11	119134548	119135933	15	28	20	13	21	18
chr11	119135533	119137047	15	31	16	20	15	12
chr11	119297448	119298715	8	12	12	16	10	9
chr11	119779372	119780787	25	19	15	19	24	17
chr11	119794057	119795328	49	55	47	42	52	39
chr11	119801053	119802251	37	88	53	54	32	47
chr11	119931159	119932736	39	38	43	40	33	41
chr11	119956278	119957737	25	25	31	23	17	13
chr11	120076531	120078030	39	40	43	51	60	51
chr11	120135518	120137173	25	40	38	24	11	27
chr11	120132288	120135342	100	95	105	85	80	75
chr11	120143967	120145157	23	34	27	13	22	21
chr11	120144757	120147356	38	79	56	47	45	68
chr11	120243156	120244367	13	12	15	10	12	17
chr11	120319161	120320197	13	13	13	14	15	19
chr11	120469318	120470849	63	77	63	55	51	35
chr11	120677649	120679083	18	26	22	21	15	15
chr11	120674555	120675726	9	15	12	11	21	16
chr11	120818647	120820232	38	58	55	38	41	43
chr11	121017460	121018889	24	22	18	17	11	29
chr11	121021470	121023189	17	33	37	26	24	32
chr11	121405862	121406757	22	18	19	17	8	13
chr11	121691004	121692205	10	11	15	14	20	19
chr12	5143961	5145082	12	20	16	17	16	19
chr12	74562671	74563702	28	36	30	25	27	36
chr12	77708981	77710166	7	14	16	19	13	12
chr12	82099223	82100615	22	8	19	33	28	29
chr12	83525631	83526815	10	14	12	13	11	6
chr12	88620136	88621636	45	70	47	36	42	55
chr12	110787411	110788613	12	24	14	16	11	25
chr12	111557599	111558832	4	9	6	4	6	5
chr12	112508698	112510717	49	62	40	43	40	58
chr12	113031954	113033396	17	26	38	28	24	19
chr12	114146628	114147928	9	12	7	12	19	15
chr12	117603783	117604768	3	8	4	5	5	6
chr12	4713920	4715026	12	15	13	13	7	10
chr12	4744351	4745700	9	18	6	16	8	14
chr12	4856687	4858044	44	42	47	34	45	46
chr12	8304273	8305354	16	26	13	18	18	15
chr12	8331531	8333316	20	41	23	22	18	23
chr12	16708654	16709900	7	6	6	8	9	9
chr12	16702599	16703993	13	19	18	7	10	14
chr12	16759625	16760800	40	39	29	54	35	38
chr12	29292076	29293211	21	21	25	27	18	17
chr12	30787521	30788788	11	9	7	7	7	14
chr12	40860107	40861190	7	12	12	12	13	15
chr12	41570507	41571650	10	15	9	3	11	10
chr12	55169223	55170548	6	10	4	5	21	17
chr12	70781224	70782524	26	26	18	24	25	15
chr12	73404392	73405739	9	18	13	14	19	15
chr12	75098580	75099650	19	19	21	12	12	14
chr12	77672876	77674166	21	18	28	19	19	27
chr12	77706751	77707967	16	17	13	14	21	20
chr12	77698931	77700224	30	30	18	21	25	23
chr12	77709606	77710858	11	14	13	23	10	12
chr12	78618393	78619405	7	12	6	5	5	12
chr12	81330633	81331673	31	37	41	40	30	38
chr12	81439937	81441500	22	18	18	17	21	26
chr12	82205146	82206305	17	6	5	8	2	8
chr12	84891846	84893174	17	19	17	21	15	16
chr12	85103968	85105510	39	47	36	31	32	33
chr12	85115057	85116324	15	24	19	21	13	27
chr12	86101214	86102266	21	10	15	11	9	13
chr12	86970301	86971559	15	15	6	12	17	12
chr12	87532604	87533798	10	23	14	16	23	19
chr12	88302617	88303724	15	15	14	6	7	10
chr12	99926378	99928056	36	47	33	45	28	39
chr12	102115620	102116691	17	23	12	18	14	15
chr12	102182648	102184481	29	29	26	23	20	25
chr12	103550899	103551983	7	2	5	2	6	4
chr12	105830586	105832395	28	36	24	35	25	40
chr12	106705648	106707025	22	30	29	30	24	26
chr12	107465187	107466366	23	49	39	23	34	24
chr12	109153119	109155901	27	28	19	25	35	33
chr12	109202495	109203711	12	21	23	14	17	26
chr12	109203447	109204667	22	30	26	20	28	34
chr12	109448597	109450056	48	67	42	48	30	44
chr12	109556128	109557499	28	38	19	25	42	57
chr12	110105417	110106602	5	10	6	7	6	6
chr12	110235666	110237015	10	24	14	16	19	13
chr12	110271643	110273110	11	9	6	12	16	19
chr12	110277385	110278847	22	31	15	24	15	28
chr12	110335983	110337146	6	10	10	5	8	10
chr12	110655132	110656467	25	27	19	20	23	26
chr12	110847897	110848924	10	11	8	6	11	12
chr12	110987613	110988745	19	33	21	24	38	21
chr12	111320550	111322014	8	19	14	17	17	24
chr12	111501077	111502331	9	12	7	9	16	7
chr12	111903031	111904408	15	26	13	18	14	13
chr12	112214461	112216047	42	51	42	32	56	60
chr12	112530959	112533104	10	15	16	14	13	16
chr12	112562305	112563545	8	13	13	14	10	8
chr12	112576769	112578098	32	30	34	36	30	44
chr12	112682908	112684259	39	46	40	44	37	47
chr12	113416765	113418050	40	23	28	35	32	38
chr12	113839141	113840382	21	17	14	16	12	11
chr12	113900161	113901071	8	16	12	16	11	11
chr12	113894304	113896231	21	40	24	22	31	18
chr12	113967883	113970005	43	37	33	39	23	28
chr12	113972813	113975410	45	51	36	42	43	38
chr12	114035511	114037036	38	54	50	53	30	56
chr12	114154138	114155757	33	19	22	18	20	14
chr12	114153002	114154183	19	25	14	17	15	22
chr12	114151121	114153515	33	70	35	39	39	38
chr12	114157761	114159550	32	54	32	23	29	31
chr12	114326200	114327308	57	44	44	32	54	29
chr12	114369338	114370573	7	8	3	6	10	5
chr12	114365094	114366680	14	37	10	23	22	13
chr12	114513660	114514814	6	7	6	7	6	10
chr12	114634655	114635791	8	8	5	6	7	5
chr13	45661734	45663083	7	10	12	7	12	16
chr13	55999366	56000717	35	43	31	47	44	50
chr13	9169589	9170598	5	12	6	5	10	2
chr13	14283823	14284856	6	9	2	8	9	9
chr13	19710657	19711810	15	12	11	10	12	17
chr13	26860830	26862200	9	9	9	9	16	9
chr13	29049769	29050816	0	11	9	5	2	7
chr13	31038761	31039968	10	23	13	12	18	21
chr13	38577180	38578195	8	3	8	2	6	7
chr13	43295171	43297135	16	23	19	22	32	32
chr13	45662601	45663927	12	15	10	14	18	15
chr13	48907766	48908935	14	36	22	19	22	16
chr13	49145670	49147379	13	24	12	20	17	24
chr13	49137553	49138828	9	12	13	5	7	12
chr13	49156106	49157278	7	8	8	10	7	15
chr13	51337328	51338450	5	2	3	6	7	13
chr13	51820151	51821275	23	42	26	34	43	34
chr13	52732953	52734166	10	11	8	10	17	8
chr13	53339163	53340309	10	16	18	20	18	21
chr13	54699605	54701137	12	30	23	20	16	15
chr13	54782342	54784291	45	69	61	49	45	43
chr13	55256935	55258224	29	35	34	29	33	37
chr13	55515759	55517071	21	29	25	11	21	28
chr13	55582796	55584113	36	47	33	38	26	17
chr13	55577039	55578374	27	26	23	26	19	21
chr13	55643628	55644724	13	10	15	11	7	8
chr13	55640368	55641583	22	22	13	28	21	22
chr13	55651133	55652172	25	32	28	25	14	23
chr13	55926091	55927457	34	51	30	30	25	33
chr13	56126008	56127161	10	13	17	10	14	15
chr13	56166929	56168358	19	18	16	13	15	13
chr13	56710385	56711675	18	22	21	14	11	25
chr13	58008560	58009951	26	38	13	21	18	26
chr13	63612602	63613757	11	17	14	12	13	21
chr13	63673264	63674477	40	39	21	32	22	34
chr13	73958184	73959246	6	8	5	7	7	4
chr13	92900659	92902425	7	22	11	12	13	21
chr13	96105482	96106846	20	21	12	16	16	12
chr13	97240493	97241635	14	13	13	16	7	12
chr13	99997900	99999850	26	30	14	16	23	29
chr13	113623196	113624201	9	11	17	14	7	9
chr14	71040930	71042648	73	120	61	68	41	76
chr14	31997531	31998844	7	15	10	7	8	7
chr14	34701275	34702314	7	7	4	5	2	12
chr14	58309696	58310977	16	17	20	17	19	9
chr14	12985985	12987168	12	12	9	13	8	12
chr14	21065560	21066893	14	19	20	18	11	16
chr14	21540036	21541265	12	20	13	8	10	10
chr14	22722279	22723781	16	17	17	14	6	17
chr14	24995119	24996391	23	14	18	18	10	12
chr14	26123331	26124850	40	60	45	43	38	46
chr14	26372603	26373767	15	16	19	19	21	16
chr14	26404746	26405984	62	82	52	45	50	51
chr14	26453070	26454405	58	85	71	57	67	55
chr14	26470701	26471924	15	16	7	7	12	8
chr14	26553725	26555034	47	120	64	60	56	62
chr14	27307198	27308215	27	36	28	21	23	18
chr14	29335314	29336443	9	19	13	11	6	11
chr14	31235940	31237294	15	7	10	12	14	11
chr14	31953940	31955446	16	14	10	12	14	15
chr14	32100283	32101433	8	3	3	4	7	4
chr14	32123591	32124686	4	12	6	8	6	10
chr14	32219098	32220348	26	22	23	24	25	25
chr14	33231626	33232642	8	15	10	5	5	8
chr14	33472641	33474409	17	29	34	28	30	32
chr14	34002136	34003237	15	15	15	15	14	16
chr14	34175025	34176344	33	55	43	38	40	36
chr14	34964834	34966210	42	60	44	45	34	31
chr14	35007175	35009243	37	43	35	34	28	45
chr14	35368099	35369213	22	22	24	16	16	18
chr14	35364890	35365986	14	24	21	24	24	20
chr14	35693411	35694514	34	56	32	29	30	29
chr14	35751046	35752247	10	22	26	28	26	36
chr14	37870019	37871239	16	16	13	15	18	26
chr14	47992979	47994314	37	58	53	46	38	49
chr14	48875297	48876750	14	26	19	18	12	14
chr14	52054236	52055353	9	8	3	12	13	10
chr14	52623887	52624987	55	67	48	54	52	49
chr14	55086237	55087967	50	60	39	51	27	38
chr14	55097795	55099110	33	42	35	31	26	31
chr14	55329868	55331271	40	37	31	30	32	26
chr14	55535418	55536711	9	15	14	15	22	12
chr14	55691711	55693780	67	106	64	61	67	97
chr14	56214796	56215973	39	49	26	32	20	24
chr14	56242614	56243727	20	22	19	14	19	13
chr14	56323880	56325270	11	24	10	18	13	14
chr14	57021025	57022197	8	12	9	7	18	15
chr14	58160684	58161858	25	40	18	25	36	31
chr14	58317823	58319855	31	42	25	32	26	34
chr14	58583845	58584812	6	8	7	10	8	7
chr14	60185204	60186261	5	6	7	7	8	6
chr14	61929422	61930575	22	36	14	30	34	36
chr14	63205773	63206876	10	18	17	10	14	11
chr14	63643960	63645210	7	3	9	9	13	8
chr14	64640376	64641745	11	13	15	8	10	11
chr14	65205713	65206971	19	30	20	13	13	21
chr14	65671874	65673236	29	43	27	31	27	24
chr14	66014139	66015533	9	21	17	8	9	14
chr14	66348921	66350512	16	26	16	19	17	21
chr14	66927207	66928530	13	5	9	14	3	14
chr14	70889510	70890608	5	16	9	11	3	10
chr14	77573931	77574995	4	4	5	10	11	9
chr15	77594093	77595367	26	38	24	15	16	17
chr15	7765012	7766322	35	49	38	42	24	28
chr15	31226406	31228148	39	58	33	46	30	38
chr15	76002171	76013301	196	269	173	200	183	191
chr15	75938209	75940577	12	21	13	18	15	12
chr15	76740887	76742798	38	36	32	23	36	27
chr15	77609913	77611386	19	27	21	27	16	25
chr15	78822973	78824241	18	22	13	18	21	18
chr15	79199650	79201559	32	35	33	25	20	27
chr15	79658105	79660046	56	72	72	52	55	50
chr15	83196686	83198066	11	13	11	12	22	21
chr15	85097670	85099062	19	25	16	25	26	32
chr15	92945840	92946844	24	24	21	19	16	25
chr15	98679934	98681858	69	62	43	46	23	30
chr15	101268761	101269932	14	29	14	10	18	21
chr15	101940855	101942863	39	55	49	44	41	42
chr15	7412179	7413228	17	12	17	8	16	25
chr15	8178273	8179321	11	23	20	15	14	11
chr15	12314671	12315975	11	22	12	12	17	7
chr15	25294069	25295289	9	24	11	11	32	21
chr15	25643161	25644501	23	27	18	16	28	21
chr15	25737098	25738193	16	27	10	13	9	15
chr15	25783788	25784934	26	24	31	18	23	15
chr15	27677067	27678420	21	18	10	20	10	14
chr15	27703214	27704324	12	6	10	14	15	14
chr15	27760490	27761623	14	17	9	11	14	8
chr15	35228975	35230822	71	100	66	62	52	61
chr15	44945282	44946787	16	23	10	12	13	11
chr15	54578991	54580003	9	18	8	11	11	13
chr15	55043342	55044439	4	11	9	5	10	17
chr15	73503259	73504506	13	32	20	22	21	28
chr15	73812254	73813420	24	23	20	19	26	28
chr15	74407028	74408457	39	53	45	50	38	40
chr15	75541484	75544453	34	59	39	41	44	48
chr15	75540361	75541819	16	34	28	22	23	20
chr15	75804438	75806357	30	49	30	39	30	33
chr15	75827525	75829597	85	104	71	75	41	57
chr15	75831903	75835528	98	140	98	94	71	108
chr15	75864703	75866067	25	27	20	12	19	22
chr15	75887287	75888913	12	18	19	13	12	17
chr15	75878208	75879475	25	32	21	14	13	20
chr15	76000864	76002307	14	23	18	23	16	31
chr15	76012976	76015053	31	54	39	38	26	30
chr15	76015407	76017810	43	75	36	51	47	37
chr15	76018618	76020205	53	79	55	56	47	42
chr15	76114030	76115553	28	55	29	33	32	35
chr15	76124205	76126130	68	77	60	70	43	80
chr15	76258010	76259359	28	42	29	20	21	27
chr15	76276517	76277599	16	18	13	17	17	14
chr15	76293694	76294763	38	56	53	42	35	43
chr15	76423250	76426552	40	41	38	30	26	33
chr15	76520349	76522093	16	31	23	18	17	20
chr15	76542950	76544687	27	50	33	46	21	37
chr15	76535631	76537466	34	35	35	23	18	20
chr15	76566454	76568160	15	21	24	15	14	15
chr15	76826034	76827067	11	4	10	8	11	10
chr15	77595671	77596972	19	17	16	11	14	21
chr15	77825092	77826326	11	9	17	20	20	22
chr15	77995935	77997778	8	22	16	11	9	15
chr15	78270234	78271539	39	53	38	47	51	31
chr15	78369271	78371304	21	36	18	27	30	28
chr15	78584283	78585469	14	15	10	8	9	8
chr15	78748102	78749354	43	43	30	34	25	31
chr15	78797573	78799403	20	29	23	27	17	20
chr15	78833482	78834869	33	40	23	23	21	25
chr15	78834270	78836033	34	35	21	21	18	32
chr15	78981027	78982781	25	46	27	13	26	19
chr15	78994022	78995281	38	53	31	29	32	39
chr15	78989134	78990450	29	37	25	26	25	32
chr15	79083578	79084760	24	40	25	33	27	39
chr15	79081896	79083113	28	39	38	32	32	37
chr15	79192154	79193839	44	50	27	33	27	35
chr15	79250374	79251783	18	22	20	13	14	14
chr15	79978079	79979148	25	36	24	19	16	18
chr15	79993390	79994544	24	36	30	31	18	29
chr15	79990043	79991445	39	51	36	40	25	30
chr15	80197058	80198074	11	14	15	19	12	13
chr15	80185515	80186958	9	5	9	11	6	8
chr15	80224866	80226740	26	17	28	26	16	23
chr15	80217700	80218847	3	9	7	6	6	6
chr15	80706356	80707453	25	20	26	28	15	30
chr15	80846230	80848187	30	43	38	40	29	49
chr15	81524922	81526109	32	41	38	32	19	27
chr15	81514694	81516335	18	24	17	8	12	14
chr15	81612769	81614248	21	15	16	12	10	16
chr15	81669725	81671018	19	28	17	22	14	21
chr15	81742095	81743325	37	42	34	49	24	34
chr15	82011932	82013269	6	9	4	7	7	9
chr15	82037190	82038798	29	44	47	48	49	48
chr15	82184405	82185450	11	20	22	15	11	9
chr15	82205713	82206813	13	22	19	15	20	17
chr15	82748641	82750068	40	46	30	32	34	40
chr15	82782132	82783508	53	80	54	59	43	55
chr15	82947057	82948799	27	31	36	30	29	24
chr15	83136208	83137392	58	79	45	41	37	41
chr15	83154302	83155483	6	10	12	10	11	13
chr15	83481471	83482941	10	11	22	21	13	18
chr15	83507932	83509159	31	43	35	29	40	37
chr15	84040035	84042250	39	64	44	33	41	40
chr15	84162066	84163358	17	18	23	22	13	9
chr15	84780468	84782068	14	14	16	11	16	20
chr15	84782694	84784756	11	34	18	18	21	20
chr15	84790417	84791751	23	38	33	32	21	33
chr15	85369639	85371114	12	25	19	30	29	32
chr15	85808553	85809918	16	27	16	16	21	16
chr15	85954863	85956235	31	36	39	36	32	15
chr15	86018855	86019884	39	56	58	42	51	55
chr15	88430284	88432086	6	10	9	15	5	9
chr15	88812684	88814015	13	15	16	18	23	26
chr15	88985600	88986946	34	38	22	18	21	13
chr15	89119622	89120843	8	13	3	11	6	15
chr15	89130254	89131566	15	15	12	10	22	10
chr15	89132769	89134021	9	12	10	9	4	8
chr15	89214697	89217045	42	63	46	61	55	60
chr15	89387867	89389272	44	51	53	31	30	41
chr15	95201167	95202175	5	7	11	10	10	9
chr15	96118499	96119558	6	9	9	12	5	4
chr15	97630788	97632136	37	60	39	45	29	35
chr15	98620960	98621996	50	59	48	50	34	38
chr15	98679210	98680445	26	27	20	27	18	15
chr15	98686022	98687122	36	40	19	30	22	26
chr15	99071815	99073526	12	17	14	27	15	21
chr15	99261795	99263178	32	23	19	36	29	21
chr15	99255551	99259155	70	85	65	84	52	56
chr15	99547490	99548729	30	44	28	31	35	29
chr15	100883967	100885500	11	21	12	11	18	21
chr15	101194159	101195354	20	33	28	26	20	30
chr15	101242107	101243610	21	43	23	32	29	31
chr15	101362331	101363519	6	5	7	4	4	7
chr15	101616244	101617370	7	15	10	9	11	8
chr15	101769611	101771201	24	21	27	14	25	23
chr15	101945676	101947088	21	26	21	31	11	19
chr15	102331148	102332538	30	39	29	36	24	22
chr15	102540941	102542283	18	17	14	16	17	15
chr16	11517655	11519037	4	5	5	4	8	5
chr16	30260201	30261397	8	19	12	9	12	15
chr16	32832608	32833692	14	12	16	17	12	17
chr16	85802054	85803257	16	29	16	10	11	11
chr16	3935211	3936525	6	17	4	10	14	13
chr16	4083832	4086347	38	56	36	37	26	30
chr16	4550890	4551833	24	36	20	27	23	24
chr16	4647869	4650453	45	58	44	60	47	47
chr16	4922858	4923960	11	12	6	4	5	10
chr16	5101978	5103078	9	8	4	9	4	9
chr16	5165172	5166521	8	13	9	10	10	15
chr16	5178115	5179414	2	3	8	7	6	9
chr16	5198218	5199333	10	10	13	3	6	11
chr16	5240786	5241932	6	12	6	9	6	7
chr16	8311758	8312736	8	3	6	5	8	7
chr16	8737341	8738431	8	16	12	9	9	12
chr16	9051166	9052249	10	12	7	8	4	11
chr16	9991789	9993047	29	67	37	32	30	32
chr16	10319719	10320986	31	29	24	27	38	41
chr16	10741356	10742703	30	24	18	20	18	32
chr16	10787968	10789236	51	61	48	62	46	53
chr16	10785280	10786536	24	17	16	16	14	13
chr16	13147237	13148720	11	23	13	10	16	12
chr16	16225531	16226793	14	17	10	18	17	12
chr16	17527791	17529523	49	75	58	43	42	33
chr16	17842232	17843273	9	15	11	14	16	14
chr16	18150776	18152767	63	83	71	61	59	65
chr16	18144042	18145177	27	43	22	25	35	25
chr16	18226813	18228769	39	42	34	34	35	39
chr16	18219515	18220836	53	71	63	43	35	38
chr16	18776321	18778423	31	34	18	25	48	40
chr16	20311979	20313062	35	30	40	28	23	20
chr16	20530466	20532175	14	30	15	19	17	21
chr16	21339232	21340537	51	62	49	49	45	37
chr16	21513370	21514517	10	8	8	5	3	7
chr16	22053051	22054234	12	10	8	12	7	11
chr16	22656217	22657556	23	22	16	14	27	36
chr16	23240160	23241409	26	34	24	19	31	32
chr16	23927053	23928132	9	11	3	13	7	5
chr16	29680248	29681644	32	42	38	40	37	43
chr16	30308025	30309156	19	21	17	17	19	21
chr16	32678965	32681726	55	90	70	59	60	56
chr16	33576159	33577756	38	27	38	29	28	39
chr16	35660031	35661195	6	13	12	8	16	16
chr16	36721715	36723007	22	28	30	18	20	29
chr16	42291424	42292688	18	23	22	19	28	27
chr16	44499112	44500145	10	12	7	5	6	7
chr16	90011473	90012711	20	23	11	14	21	31
chr16	90229655	90230826	13	14	12	5	11	7
chr16	90781841	90783004	10	7	10	6	6	15
chr16	91828074	91829100	17	20	15	14	18	17
chr16	92605446	92607106	12	23	12	13	25	26
chr16	93765830	93767118	19	39	18	15	18	27
chr16	94466865	94468134	12	12	21	8	11	18
chr16	94488924	94490392	22	25	25	15	19	19
chr16	96032028	96032948	2	10	3	6	4	10
chr16	96501875	96503079	39	54	27	33	35	32
chr16	98037968	98039099	7	8	9	4	10	11
chr17	24640740	24643340	36	72	48	36	32	50
chr17	26083055	26084516	23	34	26	23	25	26
chr17	26343834	26345703	51	65	51	57	57	47
chr17	46792071	46793397	39	65	49	44	30	28
chr17	10582700	10584216	22	38	25	28	42	38
chr17	24476733	24477844	10	11	9	12	9	8
chr17	24837244	24838667	16	14	6	13	9	18
chr17	24869823	24871215	18	26	24	24	19	19
chr17	25247168	25248281	15	17	13	15	7	16
chr17	26099395	26100893	25	25	26	20	18	22
chr17	27097627	27099466	33	45	42	22	25	29
chr17	29458417	29460175	58	76	54	47	53	47
chr17	30342604	30344761	31	35	33	31	28	28
chr17	32258439	32260228	45	68	64	76	46	56
chr17	34174580	34177641	69	98	75	81	80	72
chr17	34749786	34752454	53	77	44	47	44	39
chr17	34979316	34980334	13	7	11	6	8	9
chr17	5341250	5343027	11	19	18	20	12	21
chr17	5906113	5907121	13	13	8	5	11	6
chr17	7385583	7386709	35	41	33	31	38	34
chr17	12880278	12881489	9	10	8	8	9	8
chr17	12934398	12935790	7	24	16	19	15	15
chr17	14035584	14036963	21	21	20	22	20	24
chr17	14332411	14334705	29	40	32	26	38	33
chr17	14508934	14510067	10	16	16	8	8	9
chr17	15294365	15295472	12	18	10	11	6	9
chr17	15360520	15361450	7	6	5	9	5	8
chr17	17986594	17987976	14	19	8	13	13	11
chr17	23381741	23382889	2	2	6	5	5	3
chr17	23694076	23695590	42	57	38	36	33	24
chr17	23712466	23714411	27	51	28	23	21	22
chr17	23801967	23803584	64	83	62	56	47	67
chr17	23869046	23870131	17	37	27	33	25	29
chr17	23874100	23875546	39	66	40	47	45	54
chr17	24129465	24130593	40	48	57	38	38	49
chr17	24583637	24584767	15	16	14	12	14	15
chr17	24581031	24582950	22	33	16	13	12	15
chr17	24632821	24634249	17	19	13	8	18	11
chr17	24642935	24645010	47	90	48	58	40	52
chr17	24731011	24732875	48	59	48	42	35	33
chr17	24816155	24817842	14	30	18	15	11	14
chr17	24993152	24994323	21	16	20	18	23	10
chr17	25118781	25120532	10	14	14	15	11	19
chr17	25243253	25244688	17	15	18	14	8	15
chr17	25346233	25347228	8	11	6	7	4	8
chr17	25380039	25385153	66	102	72	70	59	52
chr17	25384591	25385881	18	28	24	15	18	11
chr17	25521979	25523406	13	27	15	19	19	20
chr17	25511217	25512321	11	19	16	14	20	17
chr17	25529846	25531298	10	24	10	7	22	12
chr17	25608213	25609641	35	63	33	38	31	28
chr17	25866867	25868417	18	17	8	17	5	8
chr17	25859108	25860852	42	75	52	50	52	58
chr17	25928541	25929861	25	45	20	20	18	13
chr17	25977954	25979370	20	32	23	24	23	26
chr17	26014309	26016503	80	112	78	71	85	79
chr17	26068585	26069702	7	7	9	10	8	6
chr17	26073357	26074482	12	13	10	12	13	17
chr17	26092628	26094259	19	16	22	21	21	18
chr17	26100627	26102897	31	25	33	22	19	22
chr17	26349776	26351337	12	23	18	23	18	14
chr17	26351392	26352561	8	15	13	9	7	5
chr17	26416471	26417517	7	16	9	12	15	7
chr17	26568394	26569752	21	33	26	18	23	25
chr17	26626711	26627745	8	8	7	9	9	10
chr17	27103229	27104570	23	20	25	20	20	26
chr17	27247704	27249394	19	23	19	23	19	30
chr17	27297531	27298564	17	18	23	30	20	24
chr17	27333321	27334679	39	52	31	22	18	28
chr17	27502539	27503677	6	11	5	9	9	11
chr17	27571061	27573089	24	23	28	19	25	23
chr17	27582072	27583403	18	14	16	15	16	24
chr17	27641812	27643486	43	83	58	52	54	70
chr17	27731902	27733041	29	23	28	29	20	15
chr17	28243817	28245194	45	55	37	27	36	42
chr17	28257001	28258258	21	36	23	27	26	28
chr17	28331298	28332812	13	29	15	18	16	15
chr17	28434677	28436534	28	35	26	20	30	22
chr17	28967728	28968888	12	14	19	20	17	14
chr17	29505760	29506907	29	38	34	29	34	30
chr17	29538460	29539785	49	62	41	47	33	48
chr17	29552484	29553859	57	68	55	43	51	63
chr17	29723329	29724631	20	32	16	15	20	20
chr17	29741090	29742569	26	34	27	27	22	33
chr17	29853329	29854447	26	26	25	23	26	26
chr17	31200807	31202049	11	33	23	16	19	14
chr17	31244418	31245822	16	15	18	10	17	29
chr17	31432901	31434216	32	46	33	29	27	26
chr17	31591935	31593044	14	12	14	16	12	15
chr17	31634274	31636229	32	29	21	22	30	31
chr17	31982788	31984066	22	41	28	25	18	18
chr17	32283477	32285331	16	15	15	6	13	16
chr17	32333762	32335071	16	38	9	27	11	16
chr17	32539419	32540783	20	18	20	17	27	23
chr17	32839343	32840450	9	9	10	7	18	17
chr17	33665258	33666383	19	33	26	26	25	34
chr17	33685567	33686996	11	13	14	12	14	9
chr17	33687599	33688733	15	21	11	15	17	14
chr17	33722491	33723574	13	19	15	10	14	18
chr17	33786161	33787664	12	15	9	12	10	8
chr17	34196019	34197999	35	37	31	28	30	28
chr17	34348374	34349767	46	53	41	39	42	40
chr17	34494569	34495687	5	5	4	7	4	4
chr17	34706635	34707549	8	23	6	6	15	8
chr17	34790245	34791240	13	31	26	23	20	18
chr17	34807308	34809129	17	26	30	35	30	39
chr17	34910294	34911435	17	15	11	11	22	24
chr17	34976982	34978006	13	38	25	25	12	18
chr17	35148540	35150324	54	93	67	55	49	52
chr17	35160633	35161969	36	57	35	38	30	42
chr17	35276788	35278349	48	63	52	54	31	33
chr17	35665066	35666458	44	51	42	40	32	35
chr17	35688263	35689635	41	75	45	46	56	57
chr17	35780380	35781660	10	17	10	8	20	12
chr17	35818504	35820240	31	41	18	27	29	21
chr17	36019029	36020603	34	46	39	25	16	34
chr17	37006317	37007743	18	27	18	14	16	17
chr17	37003134	37004653	29	31	36	38	36	31
chr17	44633395	44634472	3	5	2	1	5	3
chr17	45798041	45799418	31	49	39	41	31	35
chr17	45862625	45863850	38	52	44	46	34	43
chr17	45977886	45979168	8	10	4	15	7	16
chr17	46302111	46303406	37	48	42	34	24	24
chr17	46394616	46396514	38	48	34	29	19	29
chr17	46396306	46397702	36	41	31	38	23	19
chr17	46446599	46447895	16	24	24	16	17	20
chr17	46441716	46443675	29	35	23	32	30	31
chr17	46582702	46585236	72	90	86	73	64	58
chr17	46603617	46605079	27	26	21	22	23	33
chr17	46615125	46616522	10	9	9	12	9	12
chr17	46639967	46641181	30	33	29	18	24	19
chr17	46679817	46681100	30	41	37	33	32	37
chr17	46765127	46766450	8	6	9	7	7	9
chr17	47495460	47496630	19	25	17	14	12	17
chr17	48112723	48114173	51	52	46	43	45	44
chr17	55621308	55622553	12	8	12	8	9	5
chr17	56134985	56136352	26	36	29	25	24	25
chr17	56239248	56240330	6	9	7	7	7	10
chr17	56263560	56264803	24	31	18	22	40	35
chr17	56326063	56327371	16	32	15	20	18	19
chr17	56418818	56419967	37	26	22	24	33	31
chr17	56527909	56529643	14	15	17	21	21	17
chr17	56538542	56540268	14	16	15	13	10	14
chr17	56555933	56557538	16	22	17	18	19	27
chr17	56557867	56559051	12	20	13	12	16	13
chr17	56650970	56652304	14	18	11	18	18	27
chr17	56649146	56650435	18	21	9	13	21	35
chr17	56879116	56880268	10	11	7	11	9	9
chr17	56909232	56910455	15	16	9	10	12	12
chr17	56906741	56908279	23	21	29	16	14	21
chr17	56909946	56912119	29	26	30	21	22	19
chr17	56923070	56924593	26	30	21	26	14	25
chr17	57038782	57040332	18	19	16	14	16	19
chr17	57161474	57162827	24	32	16	15	11	19
chr17	57204221	57205497	27	45	28	23	34	38
chr17	57285032	57286290	35	27	27	27	17	22
chr17	66198280	66199978	44	51	41	33	26	23
chr17	66465445	66466883	18	24	24	13	15	19
chr17	71681275	71682318	13	13	9	15	7	17
chr17	72100185	72101771	14	19	19	12	24	18
chr17	80637577	80638660	6	10	11	9	7	3
chr17	86136429	86137451	8	6	19	12	13	15
chr17	86281333	86282721	15	14	14	9	11	9
chr17	86342403	86343593	5	7	6	3	7	4
chr17	86331617	86332773	9	8	8	11	9	11
chr17	86567266	86568870	34	39	39	40	23	22
chr17	87226355	87227662	7	9	4	4	11	5
chr17	89067513	89068498	8	17	12	14	19	14
chr18	35995395	35996666	74	112	79	81	59	62
chr18	37158880	37160298	6	14	5	8	10	3
chr18	9858249	9859443	11	10	9	14	11	9
chr18	10324622	10326088	28	21	25	23	19	26
chr18	10541239	10542602	16	28	24	15	14	22
chr18	12105355	12106406	19	33	14	20	23	28
chr18	12102718	12103932	14	17	8	8	21	11
chr18	12888209	12889174	4	8	11	13	6	5
chr18	12899358	12900511	19	21	24	16	27	27
chr18	13068001	13069133	9	12	10	7	10	6
chr18	20159913	20161137	8	19	11	9	8	15
chr18	20715874	20716874	19	22	15	19	9	24
chr18	25748505	25749579	23	38	26	37	28	29
chr18	32047512	32049302	10	16	13	13	7	10
chr18	32055874	32057080	9	15	14	15	10	8
chr18	32106183	32107576	13	16	7	6	5	8
chr18	34854772	34855943	24	23	24	23	38	30
chr18	34927511	34928983	15	27	23	28	19	23
chr18	35657737	35658940	18	22	16	16	24	29
chr18	36019533	36020806	50	73	59	49	45	39
chr18	36054055	36055095	25	46	47	44	33	33
chr18	36259646	36260747	8	12	6	7	7	13
chr18	36924332	36925596	33	50	21	34	28	36
chr18	37099866	37101398	19	21	15	21	22	19
chr18	37121390	37122744	2	8	8	6	8	12
chr18	37181112	37182530	9	11	16	6	19	15
chr18	37456105	37457248	9	9	6	4	5	7
chr18	37596470	37597729	6	13	12	15	13	9
chr18	37853709	37854868	8	9	6	6	13	10
chr18	37866473	37867616	13	11	4	7	12	8
chr18	37874050	37875211	6	6	9	13	11	13
chr18	37896372	37897519	9	12	5	7	8	18
chr18	38148981	38150320	18	17	15	11	20	18
chr18	38149770	38151066	19	22	14	16	15	16
chr18	38336428	38337574	30	43	39	31	47	33
chr18	38347554	38348623	36	43	43	44	28	29
chr18	39152767	39154242	34	27	24	24	16	14
chr18	52927728	52929070	11	24	14	15	14	9
chr18	60986161	60987490	23	26	17	17	20	19
chr18	61289389	61290639	13	5	10	13	9	9
chr18	61495045	61496257	14	23	19	18	23	27
chr18	61856412	61857766	25	46	33	20	23	32
chr18	61978209	61979332	10	8	8	5	12	8
chr18	62338856	62340226	13	28	13	12	16	22
chr18	64491641	64493116	35	39	31	25	24	26
chr18	64500132	64501692	50	60	35	52	30	41
chr18	67560367	67561855	15	25	12	18	13	14
chr18	67725679	67726907	21	21	15	18	27	16
chr18	68413274	68414542	4	13	5	9	5	4
chr18	74089407	74091283	20	12	14	7	14	11
chr18	74378995	74380150	15	25	18	20	18	12
chr18	75539537	75540752	60	72	56	58	55	53
chr18	75594265	75595562	43	55	42	49	39	42
chr18	75684644	75685782	7	8	5	9	5	8
chr18	76916332	76917621	13	12	6	6	10	11
chr18	77218243	77219360	6	8	4	8	7	6
chr18	77694726	77695899	7	8	11	9	9	10
chr18	80645291	80646623	12	9	16	10	8	10
chr18	83125675	83127353	15	24	12	14	19	15
chr18	83504227	83505432	17	16	15	16	20	14
chr18	84008716	84009897	12	15	16	10	24	9
chr18	84378973	84380071	11	8	12	5	1	3
chr18	84898938	84900174	14	20	10	13	17	19
chr19	47971116	47972926	15	22	18	11	15	19
chr19	4733701	4735318	20	21	26	14	18	17
chr19	5864439	5865665	10	25	15	16	19	13
chr19	42843686	42844840	14	20	10	9	16	17
chr19	47726025	47727424	17	29	32	31	20	24
chr19	59309000	59310187	11	22	14	13	22	18
chr19	3264169	3265960	11	17	10	11	5	10
chr19	3268813	3269988	7	7	10	3	6	6
chr19	3601721	3602873	10	10	7	6	12	10
chr19	3596820	3597977	10	13	10	9	8	14
chr19	3611741	3612822	5	11	8	9	6	6
chr19	3814445	3815768	25	28	23	15	18	23
chr19	3832539	3833633	13	13	15	16	10	15
chr19	3908405	3909782	21	17	16	8	17	20
chr19	3923269	3924903	44	64	35	36	60	49
chr19	4006281	4007306	11	6	4	8	5	10
chr19	4003034	4005036	38	60	56	69	44	45
chr19	4083584	4084671	37	55	47	50	35	48
chr19	4104322	4105625	36	57	36	36	37	38
chr19	4155247	4156914	44	53	27	24	30	22
chr19	4272143	4273414	11	18	13	10	11	9
chr19	4286349	4287683	14	18	18	23	24	24
chr19	4611819	4613128	17	40	23	29	17	24
chr19	4746253	4747419	13	15	16	13	16	16
chr19	4802929	4804382	49	78	44	50	45	52
chr19	4862713	4863984	7	21	10	12	22	12
chr19	4983990	4985419	26	20	16	20	20	21
chr19	5081161	5083482	50	42	49	42	35	54
chr19	5099021	5100903	84	114	73	66	65	71
chr19	5475261	5476488	46	74	49	41	40	46
chr19	5659961	5661441	55	75	58	52	48	50
chr19	6050693	6051970	21	32	22	15	18	22
chr19	6070089	6072085	25	49	28	43	20	24
chr19	6183949	6185225	15	14	5	6	14	22
chr19	6247174	6248760	35	30	24	25	15	22
chr19	6249286	6250657	14	22	15	8	19	11
chr19	6317649	6319091	18	21	24	16	17	16
chr19	6316006	6318235	29	52	50	37	26	34
chr19	6315139	6316432	24	42	34	40	19	29
chr19	6480551	6482091	21	18	18	18	25	24
chr19	6494125	6495465	37	62	36	64	43	35
chr19	6516045	6517644	59	83	54	61	39	48
chr19	6531261	6532811	42	54	42	50	39	56
chr19	6986493	6987704	36	42	20	31	19	17
chr19	6985154	6986996	44	73	61	44	42	52
chr19	7088122	7089274	19	27	23	11	19	21
chr19	7354889	7356239	43	38	27	31	42	27
chr19	7779359	7780558	4	8	3	1	9	11
chr19	8999655	9000967	17	22	15	12	13	12
chr19	10500059	10501295	25	29	28	35	20	19
chr19	10522309	10523950	66	102	67	65	58	74
chr19	10786698	10787943	13	19	16	7	13	14
chr19	10931809	10933424	15	26	21	24	24	14
chr19	11014210	11016160	41	60	30	48	49	58
chr19	11067117	11068439	4	21	13	15	13	12
chr19	23238824	23239957	16	12	8	4	14	15
chr19	24047248	24048585	20	22	15	14	26	21
chr19	25480596	25481991	24	39	35	30	35	36
chr19	37307814	37309341	18	28	15	14	19	22
chr19	40405957	40407084	9	11	11	15	13	19
chr19	41162660	41163934	22	23	18	20	20	18
chr19	41234546	41235693	26	23	19	18	23	33
chr19	41948502	41949759	8	11	7	8	9	15
chr19	42107762	42109723	33	49	42	41	29	23
chr19	42133910	42135262	12	27	19	20	18	16
chr19	43976652	43978097	7	26	21	12	22	19
chr19	45075284	45076555	24	29	22	25	13	14
chr19	45100146	45101768	58	77	46	61	65	44
chr19	45322777	45324039	15	13	12	15	10	7
chr19	46106988	46108291	18	28	22	18	22	24
chr19	46547184	46548755	49	68	60	47	55	36
chr19	47203812	47205238	19	19	29	18	16	19
chr19	47225717	47226966	43	41	25	34	30	36
chr19	47331441	47332898	17	16	11	11	8	14
chr19	47342633	47343983	19	15	19	14	14	14
chr19	47450118	47451161	14	21	23	21	24	17
chr19	58585996	58587205	18	19	18	9	20	22
chr19	61333339	61334322	10	14	7	3	13	5
chr2	101711040	101711941	7	6	3	6	5	8
chr2	125565967	125567021	12	18	10	19	12	9
chr2	168426282	168427588	35	47	35	37	22	35
chr2	25050226	25051601	67	88	55	52	51	60
chr2	29965903	29967159	17	13	19	14	7	22
chr2	30865300	30867516	26	67	39	49	37	38
chr2	31964571	31965978	17	7	22	14	10	13
chr2	32422819	32424390	9	18	15	7	8	12
chr2	32800438	32801935	33	43	22	37	29	23
chr2	33095083	33096086	16	18	6	15	13	18
chr2	152452453	152453826	30	27	26	25	26	22
chr2	155810840	155812332	8	11	12	20	17	9
chr2	163725080	163726169	16	17	26	32	28	15
chr2	164724364	164725399	14	14	10	12	8	8
chr2	167802185	167805093	36	48	31	41	27	37
chr2	4524212	4525680	17	34	30	13	17	19
chr2	6021154	6022702	17	35	22	23	24	30
chr2	17018649	17020093	4	10	2	4	5	6
chr2	18688097	18689167	30	22	24	20	19	15
chr2	19351237	19352490	41	58	49	57	41	46
chr2	19373222	19374732	26	48	48	47	25	33
chr2	22629309	22630576	31	33	27	29	24	31
chr2	24646814	24648226	4	11	10	13	10	12
chr2	25027827	25029427	44	83	57	65	40	51
chr2	25143224	25144655	28	32	27	16	22	22
chr2	25152284	25153837	22	32	14	9	20	11
chr2	25289473	25290501	7	21	7	15	7	8
chr2	25290016	25291201	9	18	11	11	12	12
chr2	25297847	25299621	16	21	20	15	12	17
chr2	25374225	25375427	16	25	19	29	19	21
chr2	25421921	25423585	21	31	25	21	19	23
chr2	25416753	25418551	44	56	39	42	28	29
chr2	25431701	25433182	27	42	29	25	31	46
chr2	25766102	25767380	15	13	5	15	8	6
chr2	26131021	26132342	6	27	25	19	22	30
chr2	26220493	26222046	13	22	9	8	8	7
chr2	26325867	26327290	11	15	11	13	9	7
chr2	26322616	26324650	29	28	36	26	23	28
chr2	26747260	26748731	24	36	20	19	13	12
chr2	26876801	26877948	11	28	20	16	13	13
chr2	26879114	26880940	34	41	32	30	32	38
chr2	27052653	27053689	10	18	10	14	11	7
chr2	27309247	27310516	27	34	29	23	15	18
chr2	27307994	27309797	23	30	25	33	20	15
chr2	27436976	27438477	24	22	23	28	18	22
chr2	27614068	27615699	28	31	20	19	19	29
chr2	27872062	27873339	10	14	7	10	6	15
chr2	28399883	28401146	34	50	29	24	28	33
chr2	28607655	28609340	43	54	43	60	46	59
chr2	29170383	29171491	7	8	10	11	13	10
chr2	29666024	29667421	14	11	10	10	12	14
chr2	29700423	29702080	57	62	43	43	46	46
chr2	30140768	30142110	29	44	30	32	21	23
chr2	30203374	30206499	66	96	68	80	50	76
chr2	30236569	30238184	13	16	8	7	8	7
chr2	30468662	30469795	32	43	32	39	29	26
chr2	30678426	30680500	31	75	43	33	28	25
chr2	30674124	30675807	39	63	48	42	31	38
chr2	30872941	30874300	14	35	19	14	16	18
chr2	31071741	31073027	31	45	32	30	29	23
chr2	31086762	31087853	18	27	14	15	19	18
chr2	31135278	31136818	19	18	9	12	20	17
chr2	31255141	31256264	22	31	21	30	37	29
chr2	31288040	31289384	15	16	19	12	19	14
chr2	31280213	31281437	20	19	18	14	14	14
chr2	31665219	31666436	31	39	30	35	42	26
chr2	31676301	31677810	57	49	27	47	32	34
chr2	31775449	31776822	17	34	13	23	17	11
chr2	31800238	31801325	18	32	25	16	21	21
chr2	31865260	31866613	25	35	18	30	19	17
chr2	31919910	31921138	19	38	23	33	18	31
chr2	32075931	32077362	22	34	12	16	11	17
chr2	32068529	32071272	52	62	33	55	47	38
chr2	32189560	32191011	21	23	29	15	22	20
chr2	32270405	32272398	19	21	15	14	11	10
chr2	32776981	32778223	21	27	24	20	31	19
chr2	32777713	32780234	59	93	69	64	60	61
chr2	32805862	32807237	16	17	21	14	15	16
chr2	32828176	32829568	15	20	18	14	14	13
chr2	32991730	32992902	12	16	11	11	5	12
chr2	33419611	33421203	30	30	23	22	20	18
chr2	33731661	33733125	46	44	47	51	46	42
chr2	35583175	35584621	45	89	48	49	46	47
chr2	35574908	35576624	14	29	19	26	21	26
chr2	35621339	35622740	61	91	57	71	53	85
chr2	35949007	35950338	33	60	55	40	38	38
chr2	37655840	37657124	32	35	35	19	30	33
chr2	37710573	37711708	24	29	26	23	23	25
chr2	56963406	56964705	52	62	49	58	29	45
chr2	58176430	58177517	14	22	20	8	18	23
chr2	70955713	70957069	18	22	13	17	19	14
chr2	91757117	91758196	14	15	12	14	17	11
chr2	92226287	92228347	68	66	62	54	52	39
chr2	93516980	93518474	12	12	16	22	17	25
chr2	93795693	93797129	33	43	34	29	25	28
chr2	101518322	101519602	18	23	12	21	15	10
chr2	118741090	118743253	40	63	36	36	38	33
chr2	119596196	119597569	10	15	12	12	7	12
chr2	119866221	119867806	14	10	13	15	6	12
chr2	119871534	119873329	19	27	21	22	14	21
chr2	119916402	119917771	14	12	10	13	10	8
chr2	121148489	121149524	12	13	12	10	16	14
chr2	130380447	130381483	11	15	11	6	7	0
chr2	130509685	130511253	8	23	14	18	15	23
chr2	151418735	151420586	13	28	16	21	18	21
chr2	151531859	151533005	12	12	25	26	19	23
chr2	151736571	151737947	30	33	42	30	23	24
chr2	151830621	151832142	26	34	20	27	27	24
chr2	151874247	151875663	19	41	22	26	21	28
chr2	152149367	152150761	24	42	26	23	20	13
chr2	152459739	152460938	17	12	18	16	16	20
chr2	152757319	152759369	41	74	47	59	36	49
chr2	153511604	153512734	11	14	14	8	6	9
chr2	153767808	153769071	6	10	8	11	14	7
chr2	154372052	154373261	31	26	32	41	29	32
chr2	155453699	155455459	46	75	59	63	51	57
chr2	155542641	155543660	16	9	20	11	16	12
chr2	155635591	155636725	26	31	20	27	23	18
chr2	155816941	155818433	32	32	29	26	15	26
chr2	155898810	155900095	12	24	9	11	15	6
chr2	156478250	156479474	14	28	16	15	24	21
chr2	156491459	156492891	37	63	28	31	36	38
chr2	156525711	156527636	24	41	25	23	26	21
chr2	157385393	157386674	6	7	7	6	11	13
chr2	157494932	157496050	31	29	20	26	31	25
chr2	158463885	158465669	45	65	41	52	35	41
chr2	158586753	158588067	14	28	17	14	14	23
chr2	162733580	162734734	23	26	21	21	20	25
chr2	163145340	163146659	11	21	21	12	14	13
chr2	163148161	163149413	18	9	15	10	14	8
chr2	163850557	163851786	12	19	8	12	8	18
chr2	163993103	163994283	9	11	14	16	16	16
chr2	164218338	164219657	5	14	10	11	16	22
chr2	164616614	164618182	22	32	32	36	27	23
chr2	164967122	164968553	64	123	83	79	66	77
chr2	165102364	165104375	78	119	97	74	56	60
chr2	165205203	165206725	49	67	55	50	35	35
chr2	165339572	165341342	11	14	14	13	14	12
chr2	165609670	165611056	37	58	44	49	37	35
chr2	166272985	166274152	9	19	13	18	14	16
chr2	166414560	166415827	8	14	9	7	16	11
chr2	166455177	166456485	31	30	26	30	31	44
chr2	166517310	166518456	47	54	33	33	44	48
chr2	166852903	166854524	20	22	22	22	18	20
chr2	167274748	167276212	34	35	36	37	18	32
chr2	167574016	167575126	15	15	21	18	13	18
chr2	167585792	167587734	24	35	26	33	32	22
chr2	167631965	167633151	15	18	9	10	19	14
chr2	167658553	167659925	17	23	19	18	15	12
chr2	167807784	167809276	27	37	38	46	32	33
chr2	167805171	167806630	17	14	15	17	15	12
chr2	167931868	167933235	33	33	25	17	24	30
chr2	168093578	168095117	17	22	21	27	34	19
chr2	168343555	168344738	6	13	15	14	18	22
chr2	168395689	168397630	16	30	24	20	18	16
chr2	168429689	168431136	33	45	32	32	40	47
chr2	168524214	168525493	32	28	22	30	26	31
chr2	168718865	168720498	25	38	23	34	25	30
chr2	172858533	172860482	19	26	18	12	13	15
chr2	174123048	174124201	37	57	52	37	43	37
chr2	174469223	174471161	18	34	26	32	28	35
chr2	177876974	177878112	20	25	25	28	29	21
chr2	178147769	178148906	24	35	23	26	41	20
chr2	179924992	179927481	32	55	40	38	29	22
chr2	179932735	179934387	28	37	36	24	12	20
chr2	180023836	180025230	37	65	44	53	38	47
chr2	180119506	180120872	25	36	33	36	36	24
chr2	180198137	180199905	31	28	32	36	25	35
chr2	180987995	180989439	13	19	12	3	11	14
chr2	181227435	181229026	31	40	25	29	38	35
chr2	181405862	181406922	25	39	31	32	25	19
chr3	51493448	51495118	13	25	16	15	24	23
chr3	10366360	10367635	30	35	23	32	36	33
chr3	30994172	30995195	2	10	2	6	8	6
chr3	33868512	33869713	5	9	3	4	7	3
chr3	34555623	34556753	46	61	56	42	46	30
chr3	36569470	36570915	18	25	23	23	18	21
chr3	53434648	53435740	17	17	19	10	18	19
chr3	54985687	54987005	11	9	11	12	20	21
chr3	87545993	87547470	14	25	21	18	21	23
chr3	87548911	87550431	31	30	20	27	26	31
chr3	87961496	87962796	38	56	37	39	42	23
chr3	88199207	88200607	14	18	20	15	14	18
chr3	88224082	88225507	46	53	39	32	33	45
chr3	88285581	88287163	43	63	59	53	48	59
chr3	88990308	88992002	63	102	87	75	50	74
chr3	89012720	89013955	21	17	15	11	14	9
chr3	89014275	89015532	24	30	17	32	16	21
chr3	89036461	89038081	48	56	49	51	38	49
chr3	89150339	89151827	50	58	47	38	43	48
chr3	89564228	89565426	21	14	13	17	20	24
chr3	89744329	89746114	30	36	17	26	25	12
chr3	96814080	96815102	16	9	15	21	15	24
chr3	97691962	97693224	20	33	24	20	26	28
chr3	100880686	100881792	12	13	12	7	7	11
chr3	101238896	101240074	14	17	11	15	7	10
chr3	102738919	102740366	9	13	7	14	23	21
chr3	107273657	107274929	8	9	17	12	11	16
chr3	107424283	107425343	15	23	18	7	9	16
chr3	107878835	107879930	17	18	21	14	15	13
chr3	145812446	145813651	20	18	18	21	16	14
chr3	151828036	151829392	31	43	37	30	35	36
chr3	157229600	157230800	22	25	16	16	17	30
chr4	137493981	137495191	22	20	17	22	20	14
chr4	154008230	154009940	48	74	39	58	38	48
chr4	116488916	116490820	27	45	28	23	20	34
chr4	117881725	117882920	14	15	5	20	16	10
chr4	117898044	117899532	15	18	11	19	14	16
chr4	118062610	118063915	22	32	24	17	25	25
chr4	119683812	119685310	26	29	31	34	27	27
chr4	122781479	122782989	22	32	15	21	20	43
chr4	137067365	137069121	44	74	66	50	39	51
chr4	137084738	137085945	10	15	9	11	3	13
chr4	140016802	140018109	8	20	6	12	15	24
chr4	140590654	140591667	12	24	15	15	12	14
chr4	140557970	140559492	34	53	38	30	36	35
chr4	149355399	149357124	27	19	22	22	19	21
chr4	150568142	150570054	28	33	44	35	29	44
chr4	151927719	151929545	14	19	11	25	19	25
chr4	151944977	151946141	7	16	11	12	8	9
chr4	153714336	153716616	19	27	19	16	27	18
chr4	153664588	153666024	15	17	13	18	21	17
chr4	153812207	153813370	8	10	6	14	8	9
chr4	5724647	5726861	25	38	24	23	19	28
chr4	6086057	6087168	18	23	26	13	21	20
chr4	8678493	8679853	19	20	17	26	28	23
chr4	8792490	8793808	16	16	13	14	20	13
chr4	41610063	41611545	62	84	59	61	52	56
chr4	42968865	42970326	23	20	15	19	17	31
chr4	43048388	43049810	35	43	35	33	27	30
chr4	43459048	43460278	46	52	36	34	45	42
chr4	43551668	43553291	14	22	26	23	12	21
chr4	43561499	43562679	13	18	6	13	5	6
chr4	43644025	43646182	53	56	66	57	50	41
chr4	43715233	43716488	9	10	13	9	7	5
chr4	43716480	43717680	4	13	12	12	5	9
chr4	43718304	43719695	9	7	6	8	6	7
chr4	44052767	44054025	10	15	9	10	11	14
chr4	45070828	45072064	13	13	14	7	11	11
chr4	45355114	45356134	5	16	17	16	13	11
chr4	47028424	47029597	28	45	17	23	14	33
chr4	47042929	47044233	14	28	31	31	23	32
chr4	47123822	47124942	21	28	20	18	21	27
chr4	47531360	47532485	7	12	8	9	6	8
chr4	47549290	47550397	8	4	9	10	9	8
chr4	62531045	62532296	10	7	8	6	7	13
chr4	62793408	62795108	7	14	11	6	9	11
chr4	83242685	83243784	13	17	12	15	13	15
chr4	83647267	83648295	9	7	5	11	8	10
chr4	95293782	95294962	9	12	12	6	3	8
chr4	100808237	100809246	8	13	12	17	14	8
chr4	106157189	106158536	13	23	26	12	26	24
chr4	106294691	106296137	40	52	32	34	30	31
chr4	106598722	106599807	24	27	27	18	26	31
chr4	106769879	106771217	38	36	54	36	37	50
chr4	106886843	106887984	12	15	17	25	13	18
chr4	107193049	107194084	10	9	14	6	6	15
chr4	107306737	107307911	17	21	23	22	20	13
chr4	107447705	107448834	34	50	41	38	41	46
chr4	108078473	108079865	43	44	35	26	42	28
chr4	109066178	109067495	24	33	29	27	25	13
chr4	115979979	115981468	12	22	21	9	18	16
chr4	116776920	116778581	58	77	50	47	33	55
chr4	117709241	117710433	35	33	24	21	30	28
chr4	117884018	117885530	12	17	19	11	15	7
chr4	117903706	117904826	8	8	4	8	4	11
chr4	118151806	118153107	11	18	14	10	10	5
chr4	118213908	118215240	27	30	22	17	19	33
chr4	119031680	119032824	18	12	8	14	10	9
chr4	119330826	119331979	8	13	12	5	8	8
chr4	119768913	119770739	19	15	24	19	14	15
chr4	119860933	119862171	37	61	40	30	35	40
chr4	120369620	120371249	17	28	18	28	25	16
chr4	120380928	120382084	17	33	25	19	19	14
chr4	120567279	120568479	18	21	19	12	14	18
chr4	123573371	123574583	30	26	23	32	17	17
chr4	123913365	123914409	15	23	21	16	14	23
chr4	124344299	124345729	66	109	73	84	66	71
chr4	124515236	124516366	21	17	14	14	8	14
chr4	124562348	124563956	32	35	26	22	24	22
chr4	124639420	124640529	25	30	22	28	28	34
chr4	125384785	125386159	16	19	15	7	14	23
chr4	125987503	125989871	59	83	53	45	47	50
chr4	126137071	126138387	36	44	34	38	39	29
chr4	126408866	126410171	8	16	19	6	18	15
chr4	126426861	126428483	60	82	51	44	51	58
chr4	126536701	126538117	6	11	13	14	22	16
chr4	128127823	128128897	9	11	9	6	11	17
chr4	128266305	128267590	16	17	15	17	10	7
chr4	128539187	128540417	13	27	22	18	16	17
chr4	128577257	128578444	51	62	58	52	27	38
chr4	128608837	128610170	30	29	30	35	24	19
chr4	128636547	128637753	54	93	55	44	57	57
chr4	128899777	128902154	124	175	143	122	102	114
chr4	129324637	129325666	16	14	10	12	14	18
chr4	129668913	129671245	54	76	54	68	54	41
chr4	129698764	129700166	39	52	29	46	35	27
chr4	129751953	129753155	53	62	43	61	38	47
chr4	129985394	129986780	42	54	29	43	23	27
chr4	131343785	131344975	12	13	13	18	24	19
chr4	131354877	131356162	27	48	47	39	42	47
chr4	132341277	132342613	15	15	14	11	10	18
chr4	132617192	132622594	157	211	137	145	131	141
chr4	132973293	132974497	24	33	19	18	21	25
chr4	133108768	133110297	30	33	33	31	33	32
chr4	133628315	133629902	32	36	20	26	25	48
chr4	134062360	134064303	43	61	45	43	35	35
chr4	134225714	134226978	23	27	28	21	16	23
chr4	134588893	134590068	33	48	39	46	37	34
chr4	134617421	134618536	16	20	11	14	19	28
chr4	134637024	134638061	11	6	13	10	6	9
chr4	134635365	134636976	24	28	36	27	29	36
chr4	134730655	134732116	32	42	44	34	40	39
chr4	135080907	135082257	51	62	40	35	48	54
chr4	135303570	135304930	10	19	27	19	29	22
chr4	135342991	135344643	11	26	12	19	25	13
chr4	135366979	135368199	14	16	14	12	12	18
chr4	135471961	135473476	20	11	15	15	12	11
chr4	135523913	135525420	39	30	27	35	31	23
chr4	136254133	136255485	15	21	26	26	20	30
chr4	136348791	136350013	19	21	20	14	16	21
chr4	136466671	136468001	39	54	51	55	38	33
chr4	136470169	136471447	16	29	20	26	28	31
chr4	136484938	136488139	67	78	56	74	52	70
chr4	136498367	136499701	44	59	49	62	55	57
chr4	136811177	136812317	8	10	7	8	7	13
chr4	136848140	136849422	14	22	25	15	8	8
chr4	137077000	137078413	11	18	10	11	18	22
chr4	137095489	137096662	35	51	35	34	35	34
chr4	137114155	137115562	19	18	16	24	14	23
chr4	137107345	137108605	13	14	11	8	5	9
chr4	137239353	137240613	11	27	21	27	24	19
chr4	137994471	137995950	16	16	2	15	8	11
chr4	138435586	138437040	20	26	23	28	21	26
chr4	138457131	138458417	26	42	48	38	33	34
chr4	138464776	138466206	16	16	15	15	17	18
chr4	138616697	138618089	11	18	13	12	15	11
chr4	138629303	138631082	37	77	48	49	46	35
chr4	138821954	138823084	11	15	8	10	6	9
chr4	139110760	139111694	13	27	14	13	24	17
chr4	139184709	139186162	25	34	29	28	32	41
chr4	139224246	139225856	21	28	22	18	21	17
chr4	139215446	139216823	9	12	11	7	10	13
chr4	139339922	139341103	9	17	10	12	15	16
chr4	139583524	139584819	19	21	18	10	17	20
chr4	139889112	139890426	6	7	6	14	10	9
chr4	140032068	140033384	4	14	18	6	20	5
chr4	140043309	140044359	13	16	11	11	15	16
chr4	140035910	140036973	25	39	26	26	29	25
chr4	140070532	140071822	8	16	8	14	6	23
chr4	140225625	140226900	11	14	6	7	14	12
chr4	140239683	140240813	38	54	39	46	45	46
chr4	140267394	140268855	49	60	40	33	27	42
chr4	140547470	140549004	28	27	31	21	19	23
chr4	140572341	140574692	36	60	48	39	41	43
chr4	140580927	140582108	32	36	33	24	31	25
chr4	140584600	140585700	27	28	30	25	25	22
chr4	140601360	140603592	69	105	80	86	73	77
chr4	140759026	140760445	48	64	52	46	44	53
chr4	140775255	140776556	18	29	18	19	21	19
chr4	140868089	140869516	86	79	66	79	59	77
chr4	140863978	140865517	73	115	76	72	55	69
chr4	140877341	140879010	55	74	49	49	36	57
chr4	140959902	140961086	35	71	40	39	43	34
chr4	141004832	141006166	9	27	9	18	13	12
chr4	141025385	141027101	32	41	39	32	19	29
chr4	141186630	141188683	23	28	23	22	21	19
chr4	141183322	141184854	27	30	26	21	30	33
chr4	141197344	141199185	35	46	46	40	26	35
chr4	141302205	141303647	29	35	40	34	38	32
chr4	141400439	141401560	13	16	8	12	7	0
chr4	141415880	141417189	59	54	38	34	31	44
chr4	141457249	141458629	52	56	45	39	40	45
chr4	141471736	141473036	61	81	56	47	48	65
chr4	146034102	146035123	4	3	10	4	23	16
chr4	147318303	147319882	27	23	17	25	16	23
chr4	147384362	147385640	21	11	16	15	10	13
chr4	147558116	147559508	44	72	39	47	73	59
chr4	147631461	147632805	9	14	11	19	15	18
chr4	148233866	148235213	41	45	41	45	42	49
chr4	148306343	148307827	24	38	41	38	33	40
chr4	148331259	148332296	8	12	9	7	15	5
chr4	149030124	149031420	18	12	18	14	17	17
chr4	149033339	149034731	48	39	39	39	37	36
chr4	149506428	149507589	32	37	44	40	35	43
chr4	149990480	149991916	29	31	21	16	23	13
chr4	150253624	150254639	7	9	8	8	12	12
chr4	150385969	150387382	16	18	25	18	22	20
chr4	150459574	150460851	10	14	11	10	13	9
chr4	151046222	151047345	23	22	28	23	23	19
chr4	151116181	151117431	22	21	17	13	19	30
chr4	151641204	151642759	18	31	13	20	15	13
chr4	151652689	151654633	17	28	16	28	19	20
chr4	151749646	151750814	11	17	13	11	7	11
chr4	151758007	151759232	8	11	8	8	12	14
chr4	151867810	151869389	9	12	15	11	10	20
chr4	151863931	151865404	20	20	26	19	21	25
chr4	151890517	151891951	7	14	16	6	11	15
chr4	151897848	151899516	11	11	19	12	17	19
chr4	151909788	151911024	8	18	12	14	13	11
chr4	151921532	151924259	27	48	26	29	33	41
chr4	151933934	151935980	39	51	53	52	39	44
chr4	152805829	152807491	10	19	11	19	16	18
chr4	153218902	153220180	19	9	15	11	9	14
chr4	153235883	153237244	14	20	13	11	20	20
chr4	153389229	153390669	22	31	13	27	23	25
chr4	153526050	153527744	12	11	5	10	4	6
chr4	153638788	153640236	13	16	15	19	9	11
chr4	153721397	153722913	29	41	24	36	39	33
chr4	153954700	153955858	5	7	5	3	7	1
chr4	154036317	154037493	13	18	12	9	10	10
chr4	154154961	154156448	11	19	23	16	14	17
chr4	154268834	154269879	17	20	18	9	22	14
chr4	154264451	154265539	10	15	16	16	11	11
chr4	154384348	154385685	14	20	19	19	21	10
chr4	154442293	154443515	41	44	35	39	40	48
chr4	154514434	154515764	21	26	22	33	22	18
chr4	154530828	154532076	25	33	26	38	20	24
chr4	154528673	154529844	39	62	53	30	32	27
chr4	154517516	154518764	28	29	35	35	23	31
chr4	154718337	154720608	60	109	73	66	66	62
chr4	155032551	155034319	16	17	24	15	9	18
chr4	155029805	155032471	56	70	45	42	51	41
chr4	155113043	155115196	31	41	19	28	19	23
chr4	155165226	155166737	38	71	50	56	31	45
chr4	155231467	155233043	13	14	21	9	12	16
chr4	155227284	155228495	11	18	11	11	7	18
chr5	43908265	43909340	5	6	6	11	8	7
chr5	112720638	112722142	45	58	43	39	59	41
chr5	140246130	140249429	37	51	40	44	33	37
chr5	25378406	25379522	6	4	11	3	6	12
chr5	35831144	35832340	6	13	11	9	15	9
chr5	111705555	111706765	13	25	19	18	23	16
chr5	112819819	112821714	44	68	54	59	46	51
chr5	114457735	114458891	16	11	12	16	19	17
chr5	115178511	115179839	10	19	14	19	8	18
chr5	118586308	118587471	12	18	17	10	12	11
chr5	121453357	121454594	13	15	21	9	12	10
chr5	121814085	121815543	11	12	6	7	11	7
chr5	124092110	124093108	11	13	10	16	6	15
chr5	125516789	125518773	24	21	19	26	20	12
chr5	139296279	139297762	14	18	12	10	21	23
chr5	140835601	140836969	36	45	30	34	25	30
chr5	140999411	141001306	13	24	23	19	24	20
chr5	142687673	142689145	12	27	16	20	31	33
chr5	3844590	3845713	14	20	16	11	13	19
chr5	7344143	7345333	21	26	19	17	10	20
chr5	8056236	8057271	8	17	5	5	11	14
chr5	8421782	8422856	4	9	11	8	7	10
chr5	20691464	20692851	24	28	12	27	32	26
chr5	21181158	21182249	27	24	20	15	14	23
chr5	23299603	23300594	7	9	12	12	8	9
chr5	23874173	23875367	13	13	20	19	26	31
chr5	24005181	24008070	38	36	39	39	30	34
chr5	24096345	24098668	73	91	93	71	60	66
chr5	24235310	24236596	23	41	20	24	26	34
chr5	24263154	24264389	38	30	27	30	28	30
chr5	24401020	24402073	6	15	21	14	19	10
chr5	29895768	29896879	9	17	7	11	10	10
chr5	31219138	31221992	79	125	81	96	85	90
chr5	31370315	31371885	18	29	17	25	14	19
chr5	31376621	31377824	15	18	12	14	15	13
chr5	31378042	31381068	40	56	41	35	39	33
chr5	33590590	33591761	11	17	14	9	9	9
chr5	33827897	33829292	12	22	21	20	23	15
chr5	33853824	33855736	53	70	46	42	45	40
chr5	33871605	33872949	43	82	43	39	59	33
chr5	33949724	33951231	18	19	9	13	16	22
chr5	34031027	34033412	47	66	57	47	51	38
chr5	34047548	34048865	59	88	58	61	59	67
chr5	34077664	34078713	7	15	10	3	2	16
chr5	34074044	34076056	26	57	37	35	27	39
chr5	34245494	34246507	7	4	7	5	1	7
chr5	34343074	34344375	6	15	7	13	8	9
chr5	35386199	35387749	19	19	21	15	19	15
chr5	35381187	35382562	15	21	10	16	17	11
chr5	35822462	35823665	14	24	33	16	14	23
chr5	36010322	36011591	21	29	18	14	23	16
chr5	36156588	36157784	16	17	22	17	24	32
chr5	36215189	36216374	11	19	14	7	20	17
chr5	36365047	36366285	17	34	22	33	32	33
chr5	36725589	36726863	16	21	21	15	20	15
chr5	37300504	37301617	13	20	18	22	23	16
chr5	37364563	37365754	11	12	9	4	5	4
chr5	37360609	37362004	8	17	7	8	6	8
chr5	37777514	37778747	8	6	12	8	7	12
chr5	38594045	38595173	13	9	15	10	10	7
chr5	38591365	38593168	17	18	27	13	10	14
chr5	38607242	38608234	6	9	12	4	6	9
chr5	38604285	38605844	19	19	13	16	16	18
chr5	52841743	52842928	12	9	7	7	9	5
chr5	53770492	53771503	14	2	7	4	2	6
chr5	64041019	64042116	28	31	31	21	21	23
chr5	64655029	64656085	6	13	8	14	12	4
chr5	64734721	64735874	19	21	25	20	20	28
chr5	64750024	64751133	9	6	15	4	10	12
chr5	65851215	65852374	12	12	18	7	5	7
chr5	68001958	68003160	16	14	20	17	14	13
chr5	74060242	74061330	12	12	10	8	9	14
chr5	74557278	74558419	16	23	21	16	21	21
chr5	75015605	75016790	6	8	10	5	8	9
chr5	76792280	76793482	22	26	28	21	22	27
chr5	77283595	77284673	22	19	11	16	24	24
chr5	77523433	77524641	21	22	15	21	24	17
chr5	88271808	88272821	10	7	11	4	6	6
chr5	89071421	89072491	18	18	20	18	15	18
chr5	93369832	93371633	17	30	12	20	20	24
chr5	93379118	93380503	19	28	15	20	11	15
chr5	100428733	100430128	30	26	21	42	27	20
chr5	105908562	105909888	14	21	8	13	9	13
chr5	107759671	107760980	17	33	12	20	33	42
chr5	107963293	107964489	9	15	11	12	10	17
chr5	109131941	109133269	13	21	12	14	12	10
chr5	110803022	110804028	7	6	7	3	9	5
chr5	110859575	110861354	27	21	25	15	17	16
chr5	110909244	110911695	36	67	51	47	51	48
chr5	111219490	111220659	12	10	10	7	11	9
chr5	111661770	111663104	25	43	36	29	33	23
chr5	111676060	111677400	10	17	13	14	7	13
chr5	112386437	112387727	24	21	16	20	17	19
chr5	112562322	112563743	7	20	11	16	16	16
chr5	112685037	112686182	14	12	18	17	16	16
chr5	112736135	112738071	23	33	28	32	30	35
chr5	112806277	112807730	35	43	33	26	22	22
chr5	112900155	112901390	7	13	7	7	12	10
chr5	113121176	113122695	12	25	19	19	17	22
chr5	113591464	113592792	22	26	30	18	30	20
chr5	113919545	113920976	38	57	47	52	40	38
chr5	114187770	114189595	28	29	22	21	25	20
chr5	114192579	114193779	11	22	11	13	10	12
chr5	114257387	114258989	30	45	37	36	36	34
chr5	114459381	114460515	8	18	9	15	12	10
chr5	114569718	114571077	16	30	15	16	22	14
chr5	114666102	114667305	5	3	5	6	11	13
chr5	114660365	114661908	14	16	16	11	27	18
chr5	114817860	114818881	17	15	10	15	14	10
chr5	114838790	114839952	10	8	12	7	7	8
chr5	115060260	115062777	68	95	84	84	60	70
chr5	115076326	115077686	14	25	11	13	12	18
chr5	115186711	115187731	15	29	21	9	9	19
chr5	115198921	115200656	16	29	28	31	16	18
chr5	115560662	115561799	9	20	15	10	15	11
chr5	115559276	115560698	15	29	20	18	18	20
chr5	115691670	115692744	10	20	12	16	13	6
chr5	115896726	115898265	32	41	43	38	47	35
chr5	115999726	116001553	77	81	77	70	69	66
chr5	116068447	116070728	66	90	66	72	39	51
chr5	116356598	116358344	53	78	69	65	53	58
chr5	116386245	116387487	8	13	19	18	20	12
chr5	117342606	117343702	7	6	9	6	9	8
chr5	117690352	117691698	53	39	39	31	38	33
chr5	118004599	118005923	9	11	9	4	3	12
chr5	118230192	118231863	29	39	43	33	42	34
chr5	118435036	118436359	27	25	24	28	20	19
chr5	118444001	118445121	15	32	20	22	6	17
chr5	118515327	118516835	23	29	19	20	23	19
chr5	118680012	118681165	13	14	12	12	17	16
chr5	118689311	118690321	10	18	14	10	9	10
chr5	118686609	118687994	20	24	20	14	13	14
chr5	118857087	118858353	16	16	2	20	12	19
chr5	118938704	118939775	27	25	21	19	31	35
chr5	119212173	119213336	12	19	22	15	17	15
chr5	120574940	120576074	8	12	6	4	8	7
chr5	120629843	120631090	7	12	9	6	12	10
chr5	120642301	120643673	33	38	34	31	18	27
chr5	120932958	120934165	16	24	12	13	17	18
chr5	120991435	120993088	31	53	21	36	38	36
chr5	121058772	121060342	50	58	35	48	35	48
chr5	121072679	121074367	28	36	23	29	35	25
chr5	121080818	121081865	21	37	21	26	35	36
chr5	121113300	121115324	37	48	41	52	58	73
chr5	121144384	121145792	30	46	28	34	36	45
chr5	121828066	121829310	11	21	12	19	11	17
chr5	122134767	122136129	22	36	21	22	22	23
chr5	122446801	122447963	21	38	31	24	23	28
chr5	122451709	122453010	12	21	16	21	16	25
chr5	122484495	122485732	19	22	11	15	18	10
chr5	122517902	122519344	42	53	43	39	33	34
chr5	123186381	123187391	15	12	13	16	23	15
chr5	123329786	123331246	28	46	25	23	27	18
chr5	123609723	123611674	38	41	39	21	36	30
chr5	123814149	123815359	30	35	25	40	31	30
chr5	124235727	124236759	8	9	8	3	8	9
chr5	124464260	124465414	40	47	37	40	32	42
chr5	124454370	124455798	22	30	27	21	19	25
chr5	124512132	124513455	24	41	29	31	20	22
chr5	124539240	124540727	27	24	39	31	26	36
chr5	124544536	124546153	33	71	49	59	39	43
chr5	124570690	124572130	22	27	21	17	16	13
chr5	124580581	124581755	8	10	16	13	11	10
chr5	124576655	124577837	20	11	12	16	18	18
chr5	124572791	124574719	25	40	28	22	27	28
chr5	124589011	124590244	3	10	11	11	12	12
chr5	125015891	125017000	14	19	7	13	8	13
chr5	125228270	125229447	9	8	8	10	5	10
chr5	125315372	125317242	19	30	18	18	20	15
chr5	125513182	125514475	9	24	15	16	11	11
chr5	125898226	125899981	20	29	21	19	18	12
chr5	126102288	126103993	7	11	7	16	12	13
chr5	129287312	129288834	7	20	9	11	11	15
chr5	130064925	130066056	11	12	16	9	5	6
chr5	130075141	130076276	10	13	7	9	5	11
chr5	130111641	130112746	11	15	13	12	9	18
chr5	130627924	130629032	11	16	6	13	6	9
chr5	131368942	131369960	3	5	10	2	4	5
chr5	134627636	134628760	30	22	14	14	15	23
chr5	135238611	135240012	12	9	9	5	11	12
chr5	135634803	135636026	23	18	18	12	15	20
chr5	135856414	135858514	22	23	14	13	12	18
chr5	136208850	136211144	41	53	26	36	32	39
chr5	136443231	136444557	34	44	34	33	44	37
chr5	136750654	136751779	25	34	34	26	11	21
chr5	136783186	136784923	15	13	10	8	6	10
chr5	137963061	137966709	173	220	172	169	142	137
chr5	137966119	137967512	63	91	71	68	59	57
chr5	138049452	138050820	64	89	51	60	50	53
chr5	138104288	138105489	13	14	9	13	12	15
chr5	138178546	138179795	41	56	44	39	47	41
chr5	138635150	138636825	28	32	23	22	31	32
chr5	139428354	139429823	18	26	28	24	23	31
chr5	139551318	139552376	14	18	10	11	22	15
chr5	139831572	139833247	30	48	32	44	36	33
chr5	139827952	139829180	38	67	41	38	35	38
chr5	139867351	139869823	41	49	37	40	32	40
chr5	139884920	139886200	22	25	23	18	13	20
chr5	139898678	139899842	25	25	30	20	12	22
chr5	139904201	139905182	13	18	13	18	17	14
chr5	140094832	140096038	18	21	25	26	25	10
chr5	140101468	140102757	18	11	12	14	13	11
chr5	140237303	140239331	27	24	14	19	19	23
chr5	140236518	140237720	16	14	6	8	7	12
chr5	140243925	140245833	13	21	9	15	13	12
chr5	140245390	140246545	10	10	12	11	12	6
chr5	140446817	140450256	40	71	55	62	69	71
chr5	140942187	140943268	9	10	8	6	10	9
chr5	140954194	140955430	20	21	24	21	22	25
chr5	140964996	140966437	13	13	17	23	19	24
chr5	140992815	140993975	36	45	24	20	31	34
chr5	141072351	141074034	40	44	40	34	54	47
chr5	141187968	141189312	14	24	8	10	11	9
chr5	141357527	141358850	7	17	8	11	17	18
chr5	142963751	142965078	22	33	25	20	19	18
chr5	142969709	142970939	37	44	31	32	47	29
chr5	143548457	143550998	32	45	38	29	47	44
chr5	144049054	144050648	30	39	38	31	34	41
chr5	144053993	144055362	10	18	17	12	10	9
chr5	144152322	144153866	13	19	24	16	20	20
chr5	144467501	144469050	9	13	13	15	9	11
chr5	144933992	144935335	8	15	11	6	8	9
chr5	144968836	144970239	15	15	15	14	14	14
chr5	145480703	145482119	16	15	10	9	15	11
chr5	145606468	145607815	10	19	7	10	4	11
chr5	145611397	145612747	13	21	17	12	9	11
chr5	147835333	147836537	21	17	20	20	18	18
chr5	148142145	148143226	8	13	9	10	10	12
chr5	149842492	149843822	35	35	27	28	36	34
chr5	150213567	150214927	10	34	26	13	18	23
chr6	5373007	5374282	5	17	15	10	13	9
chr6	84147319	84148602	13	10	5	14	7	14
chr6	90962827	90964064	12	26	19	15	11	11
chr6	6831042	6832284	22	27	26	16	19	21
chr6	29441342	29442606	19	32	19	15	16	23
chr6	29704061	29705233	8	9	8	5	2	7
chr6	127892623	127893875	16	18	21	22	23	14
chr6	5675514	5676732	31	34	28	32	38	36
chr6	5955429	5956944	17	29	23	25	18	16
chr6	29150133	29151828	25	44	20	21	17	29
chr6	29445435	29447230	34	39	40	30	36	27
chr6	29484689	29486335	19	28	21	15	19	23
chr6	31499203	31500482	22	54	35	30	27	19
chr6	31529215	31530310	10	14	13	15	14	24
chr6	41563680	41564910	9	16	13	12	13	9
chr6	47854493	47855806	13	17	18	18	15	25
chr6	47880704	47882133	5	13	12	13	7	11
chr6	47974121	47975660	22	34	14	29	24	24
chr6	48013407	48015261	28	53	35	18	40	28
chr6	48362741	48363914	7	25	26	10	14	12
chr6	48545860	48548270	68	103	74	50	60	75
chr6	48569236	48571246	23	29	24	25	23	12
chr6	49345155	49346299	18	20	16	13	14	20
chr6	52589225	52590555	15	23	14	11	13	18
chr6	54874210	54875265	7	6	9	11	12	7
chr6	54892774	54893964	19	18	12	14	15	19
chr6	55285495	55286895	21	46	30	29	25	25
chr6	55626287	55627569	18	32	24	25	17	23
chr6	58856246	58857649	7	8	3	6	6	9
chr6	71882645	71883758	21	26	14	15	19	14
chr6	72180360	72181452	10	29	19	10	21	14
chr6	82560733	82561878	15	12	9	17	19	11
chr6	83141916	83143165	7	30	15	11	7	10
chr6	83317516	83319497	30	34	28	25	42	30
chr6	83393015	83394274	65	93	46	59	44	55
chr6	83447039	83448277	16	23	13	12	8	12
chr6	83576449	83577811	16	11	6	10	16	16
chr6	84450060	84451127	20	37	23	26	28	31
chr6	85297318	85299021	22	26	19	24	17	17
chr6	85430097	85431482	28	31	24	27	31	20
chr6	85429243	85430383	19	22	30	31	22	17
chr6	86395302	86396586	10	13	8	10	8	6
chr6	87738595	87740066	12	13	19	11	18	10
chr6	88152992	88154268	44	68	56	50	44	44
chr6	89268352	89269829	12	8	19	17	16	11
chr6	89280835	89281912	12	8	8	7	11	11
chr6	90319935	90321077	20	27	18	20	13	12
chr6	90568307	90569642	7	14	23	15	16	16
chr6	90617438	90618579	9	14	8	10	12	6
chr6	90644154	90645332	9	12	7	9	11	3
chr6	91343985	91345151	17	24	12	19	12	17
chr6	91548481	91549721	27	35	23	36	20	34
chr6	93628030	93629426	14	17	10	12	18	21
chr6	93646770	93647815	20	20	9	11	11	6
chr6	97437130	97438227	10	13	13	19	12	14
chr6	113358544	113359700	14	24	19	11	19	14
chr6	113437700	113439035	59	72	54	44	52	43
chr6	113708470	113709776	15	21	6	4	6	10
chr6	113806362	113807519	11	9	10	8	9	5
chr6	114264834	114266056	21	33	27	29	21	17
chr6	114798943	114800241	24	37	21	22	29	23
chr6	114812268	114813509	12	18	15	17	21	15
chr6	114919115	114920592	20	32	18	35	26	22
chr6	115741359	115743500	39	46	28	31	21	30
chr6	115740660	115741799	11	15	13	17	11	13
chr6	120836461	120837738	13	21	12	9	5	9
chr6	121328316	121329664	20	45	42	34	32	37
chr6	121362065	121363704	22	47	25	29	34	42
chr6	124502428	124503462	7	10	4	8	12	11
chr6	125235260	125236369	5	17	7	7	14	20
chr6	125627435	125628510	5	6	8	5	5	10
chr6	127130921	127132241	15	21	16	24	15	24
chr6	146350910	146352219	31	26	35	22	19	20
chr7	28442340	28443916	47	57	47	45	40	35
chr7	106035802	106037292	21	34	24	38	25	22
chr7	132250906	132252132	8	9	4	8	6	5
chr7	3636765	3638068	17	19	15	22	12	14
chr7	3604283	3605488	20	19	17	15	8	13
chr7	6929354	6930712	6	12	12	17	13	10
chr7	19627492	19628820	18	29	14	20	15	16
chr7	19807254	19809018	22	34	25	16	14	29
chr7	29243266	29245578	37	59	50	39	51	52
chr7	29933252	29934581	22	32	24	17	19	16
chr7	31144434	31146159	37	54	30	22	32	38
chr7	51592075	51593528	62	80	56	54	42	47
chr7	51920093	51921267	15	28	23	24	20	36
chr7	52067795	52069032	12	18	11	17	12	8
chr7	53116734	53118186	19	38	35	35	31	30
chr7	86851107	86852317	21	30	21	19	16	11
chr7	87506790	87507907	16	18	14	12	10	11
chr7	109232043	109233531	27	16	17	15	13	15
chr7	133512169	133513880	33	42	18	30	19	28
chr7	134135309	134136795	21	50	29	27	27	40
chr7	148454436	148455869	37	62	34	35	21	33
chr7	3296316	3297603	24	32	35	16	22	25
chr7	3336183	3337437	36	50	34	50	47	38
chr7	4071816	4072978	37	57	38	51	37	43
chr7	4696680	4699370	84	114	80	71	79	87
chr7	4722041	4723282	19	26	25	18	26	21
chr7	4869882	4871279	42	44	27	30	35	32
chr7	4908366	4909594	22	17	15	15	19	14
chr7	4918797	4920056	15	12	11	10	14	13
chr7	4944416	4946478	35	40	30	26	36	46
chr7	4959112	4961202	40	47	33	30	27	35
chr7	4982357	4984201	29	46	24	20	45	39
chr7	5043766	5045196	26	40	22	25	16	19
chr7	5046862	5048026	16	14	14	16	10	14
chr7	6135084	6136249	15	18	14	15	11	8
chr7	13628957	13630440	31	59	32	32	41	40
chr7	13854251	13855437	13	21	14	15	20	12
chr7	16524015	16525598	30	24	14	20	12	18
chr7	16556645	16558600	60	98	85	75	60	78
chr7	16822080	16823214	5	10	7	7	4	11
chr7	17007097	17008146	11	24	14	15	15	10
chr7	17501448	17502981	51	80	50	53	24	44
chr7	17625866	17627067	17	22	21	13	24	18
chr7	19637261	19638396	18	19	18	15	15	15
chr7	19720391	19723088	84	119	78	74	75	78
chr7	19960128	19961735	30	30	32	16	27	18
chr7	19984286	19985491	37	41	25	20	32	22
chr7	19978296	19981189	68	112	70	69	48	62
chr7	19974889	19976589	20	31	22	21	12	18
chr7	20000125	20001484	26	26	19	19	34	22
chr7	20116031	20118651	51	82	37	48	42	42
chr7	20108245	20110554	38	66	30	35	52	62
chr7	20119614	20121047	8	27	12	14	17	12
chr7	20218254	20219816	29	24	24	16	22	10
chr7	20341203	20342582	45	55	48	32	42	36
chr7	20394375	20395551	36	43	36	38	34	24
chr7	25117665	25119415	21	28	24	26	23	38
chr7	25190193	25191620	19	19	14	15	16	24
chr7	25205112	25206455	20	22	24	14	13	10
chr7	25216599	25218890	27	41	24	28	41	58
chr7	25356628	25357944	24	31	34	38	30	49
chr7	25706538	25708785	49	57	48	47	40	51
chr7	25781746	25783087	11	15	7	10	15	16
chr7	25876641	25877775	24	30	33	26	21	25
chr7	25990068	25992142	67	93	75	57	60	57
chr7	26009829	26011870	19	38	30	26	19	17
chr7	26055362	26059143	180	250	153	172	135	145
chr7	26110664	26111974	19	31	32	25	28	22
chr7	26119010	26120535	27	44	38	25	29	30
chr7	26142934	26144730	47	58	55	47	44	43
chr7	26139918	26141564	27	46	38	36	20	30
chr7	26134163	26135293	12	13	6	7	11	7
chr7	26422548	26423807	23	31	30	22	21	19
chr7	28108680	28109776	20	24	10	21	23	16
chr7	28118983	28120414	47	79	56	57	49	54
chr7	28201271	28202488	23	31	19	13	30	23
chr7	28273842	28275397	108	127	102	106	83	92
chr7	28300689	28302252	28	39	30	28	18	29
chr7	28870610	28872047	9	17	16	12	10	17
chr7	28942358	28943517	7	7	4	13	7	8
chr7	29144390	29145669	39	63	47	29	49	51
chr7	29188257	29189452	6	11	6	16	8	7
chr7	29192559	29193562	13	9	9	11	8	6
chr7	29251183	29252686	38	81	36	52	52	58
chr7	29348952	29350955	37	64	36	41	32	34
chr7	29346784	29348368	17	30	28	23	15	18
chr7	29401673	29402833	13	15	6	14	14	24
chr7	29398929	29400289	7	13	8	7	11	18
chr7	29437413	29438572	11	15	8	22	14	13
chr7	29563450	29564499	36	45	33	29	35	28
chr7	29647610	29648699	28	29	15	28	37	24
chr7	29820512	29821856	18	19	7	16	27	24
chr7	29945974	29947293	55	71	52	44	36	46
chr7	29956025	29958671	82	134	97	87	77	84
chr7	30009663	30011178	58	72	60	46	39	52
chr7	30106210	30107763	62	83	65	59	64	77
chr7	30155549	30156909	10	20	15	17	14	11
chr7	31140141	31141567	15	32	24	20	21	19
chr7	31304626	31306478	25	37	29	25	23	25
chr7	31324548	31325726	15	23	22	23	16	16
chr7	31497668	31498751	8	19	19	10	12	13
chr7	31887233	31889152	37	48	36	42	36	51
chr7	31918657	31919871	6	14	7	12	12	7
chr7	34894339	34895850	16	18	13	16	14	9
chr7	35424391	35426051	54	68	46	49	55	58
chr7	35537785	35539204	20	28	27	21	27	30
chr7	35986477	35988116	12	25	20	13	20	15
chr7	35987848	35989582	18	34	22	18	28	21
chr7	36941957	36943133	6	5	7	3	7	4
chr7	37953631	37954784	6	12	11	11	14	18
chr7	38701399	38702624	20	34	23	25	31	25
chr7	38747106	38748087	12	6	12	8	9	7
chr7	48157486	48158728	19	24	26	19	30	24
chr7	50931398	50933103	26	33	19	29	27	20
chr7	50948963	50949993	16	21	13	17	16	23
chr7	51505620	51506922	36	53	27	30	29	24
chr7	51567049	51568441	51	99	76	94	57	50
chr7	51648225	51649390	8	23	13	15	21	16
chr7	51715908	51717789	31	35	25	34	31	38
chr7	51726086	51727393	13	25	19	24	19	17
chr7	51745845	51748726	46	62	41	45	39	41
chr7	51796132	51798233	29	46	31	32	30	24
chr7	51884812	51885931	19	35	31	19	27	29
chr7	52094281	52096471	43	63	53	49	44	35
chr7	52119436	52121472	68	68	64	56	43	50
chr7	52134885	52136779	25	37	27	22	17	16
chr7	52212430	52213724	46	53	57	38	35	42
chr7	52220023	52221197	7	14	10	13	16	12
chr7	52261450	52264435	71	122	69	81	60	57
chr7	52255522	52256887	40	52	50	41	30	33
chr7	52283565	52285094	23	29	27	13	12	21
chr7	52288677	52290019	28	21	14	14	10	9
chr7	52303044	52305265	73	119	49	69	42	48
chr7	52304667	52305957	60	87	48	51	34	39
chr7	52402106	52403336	14	17	17	17	20	13
chr7	52435999	52437254	46	55	41	57	48	43
chr7	52462598	52463701	13	15	14	14	15	14
chr7	52631659	52633268	35	48	40	28	27	26
chr7	52676080	52678728	87	134	112	102	73	89
chr7	52683189	52684663	53	64	42	40	39	24
chr7	52709832	52711210	24	27	28	23	22	18
chr7	52941041	52942451	45	48	46	42	37	42
chr7	53004395	53005663	35	53	42	37	46	38
chr7	53048353	53049784	31	45	26	39	31	34
chr7	53203091	53204359	17	11	18	15	15	19
chr7	53571965	53573083	12	22	24	15	15	16
chr7	53652725	53654103	44	57	34	37	34	41
chr7	54283725	54284641	7	4	4	10	8	8
chr7	54346322	54347405	17	16	10	14	16	10
chr7	56790695	56792038	22	25	26	19	11	23
chr7	70801045	70802234	4	4	5	8	5	6
chr7	74173967	74175082	9	11	10	17	9	16
chr7	86293123	86294243	14	27	20	16	12	16
chr7	86716583	86718003	27	51	31	32	31	42
chr7	87225516	87227791	54	60	51	50	45	38
chr7	87234914	87236466	31	42	31	41	36	25
chr7	87369435	87370828	13	25	11	18	21	16
chr7	87475951	87477080	10	12	9	7	7	12
chr7	87511534	87513033	19	23	16	9	14	11
chr7	105242436	105243723	7	13	11	9	12	20
chr7	106496962	106498357	40	35	31	41	20	27
chr7	106545454	106546598	19	21	21	21	21	23
chr7	106735967	106737249	14	17	22	16	18	10
chr7	106754601	106755831	10	15	11	9	10	7
chr7	107017937	107018986	20	24	32	22	27	25
chr7	107599703	107600834	7	10	2	1	6	11
chr7	107870271	107871472	32	42	37	35	37	39
chr7	108021169	108022564	19	29	24	28	23	19
chr7	108029095	108030731	25	37	15	17	17	16
chr7	108041161	108042644	74	99	60	52	61	59
chr7	108520955	108522519	28	51	35	31	24	26
chr7	108894673	108895786	7	11	8	13	10	8
chr7	112766870	112768082	16	28	16	19	16	25
chr7	116603685	116604781	9	9	3	8	10	9
chr7	116618595	116619802	8	18	13	13	16	17
chr7	116699573	116701117	28	34	29	31	24	21
chr7	117146137	117147354	21	34	35	32	35	52
chr7	118066489	118067860	14	20	19	17	23	22
chr7	118198431	118199585	10	7	6	3	5	10
chr7	121176064	121177247	5	6	7	5	9	14
chr7	123280153	123281462	19	33	24	19	28	21
chr7	123307164	123308420	18	16	8	13	9	18
chr7	125634037	125635224	31	31	22	17	29	45
chr7	129008069	129009263	9	19	17	15	15	23
chr7	129060747	129062141	9	13	15	24	11	17
chr7	129124536	129125622	3	13	6	7	6	6
chr7	129559144	129560189	23	31	18	35	28	36
chr7	132784191	132785695	11	14	13	12	10	7
chr7	132785186	132786744	13	17	11	15	16	11
chr7	132794883	132795920	10	4	5	3	5	4
chr7	133513350	133514710	13	19	14	12	12	12
chr7	133572523	133573807	36	53	37	35	28	31
chr7	133589420	133590772	26	21	21	16	18	17
chr7	133636323	133637728	22	38	22	26	13	19
chr7	133907741	133908988	31	45	30	28	32	32
chr7	134015169	134016434	31	30	24	22	21	22
chr7	134091368	134092916	42	69	42	33	31	36
chr7	134506498	134507965	58	56	59	56	44	44
chr7	134549503	134550513	15	21	21	13	17	21
chr7	134747143	134748411	29	20	18	13	31	18
chr7	135392182	135393453	10	23	24	27	20	17
chr7	138365646	138366880	10	7	5	4	14	17
chr7	138405799	138406916	2	6	3	5	4	9
chr7	140205294	140206604	31	44	25	22	19	31
chr7	140829159	140830217	3	8	9	9	6	3
chr7	143693751	143694797	10	9	6	7	10	11
chr7	146432993	146434384	52	76	43	45	38	39
chr7	146828270	146829470	9	7	11	12	12	10
chr7	147060432	147062229	29	68	39	46	38	47
chr7	147085026	147086167	20	11	8	17	14	17
chr7	147255475	147257012	45	45	40	34	36	52
chr7	147409743	147411229	8	17	11	13	14	8
chr7	147481323	147482593	7	8	10	7	3	7
chr7	147972894	147974299	15	19	11	10	12	12
chr7	148058517	148059696	10	6	6	4	6	5
chr7	148263436	148264795	24	25	33	28	26	29
chr7	148402726	148404367	66	81	39	57	50	70
chr7	148479134	148481010	33	47	38	21	42	35
chr7	148524184	148525821	51	81	54	54	60	77
chr7	148644896	148646212	43	31	26	29	27	46
chr7	148681310	148682578	6	10	11	14	12	9
chr7	148797919	148799330	13	12	15	15	10	12
chr7	148808989	148810108	3	5	11	9	7	7
chr7	149183887	149185497	11	18	18	15	19	17
chr7	149268062	149269276	38	46	32	25	39	36
chr7	149756955	149758271	25	28	32	35	26	24
chr7	149840321	149841588	40	41	35	48	29	37
chr7	150376223	150377474	22	45	25	34	29	48
chr7	150383419	150384720	27	54	47	28	31	29
chr7	150491268	150492446	18	25	15	15	19	16
chr7	150514844	150516115	15	24	12	19	9	6
chr7	150526100	150527276	21	25	20	26	20	14
chr7	150646059	150647297	23	29	9	18	27	28
chr7	150925476	150926713	33	41	46	38	25	33
chr8	124779508	124780677	22	25	27	17	26	20
chr8	86244890	86246324	34	47	39	22	23	22
chr8	3603625	3605398	22	33	26	26	20	23
chr8	4210210	4211387	23	41	25	31	39	28
chr8	24263512	24264989	22	30	24	25	23	17
chr8	74004799	74006665	56	77	63	61	59	53
chr8	86735384	86737135	34	47	32	30	28	29
chr8	87587879	87588915	14	29	25	18	14	16
chr8	97631955	97633674	19	30	18	22	16	14
chr8	107133802	107135039	10	22	17	19	21	24
chr8	119946447	119947692	8	11	14	10	5	10
chr8	123682455	123683639	3	7	8	10	4	7
chr8	124993399	124994902	20	24	17	19	16	15
chr8	124960427	124962366	59	85	71	71	58	45
chr8	3453687	3454845	3	5	7	11	3	9
chr8	3495242	3497022	27	39	38	27	28	32
chr8	3605851	3607286	24	38	30	21	22	21
chr8	10248806	10249910	25	24	32	23	26	25
chr8	11817741	11818759	12	16	9	14	8	12
chr8	13000915	13002421	17	23	19	13	22	22
chr8	13064604	13065912	10	22	20	22	19	23
chr8	13178366	13179674	22	28	10	21	16	18
chr8	13191584	13192566	12	12	8	9	7	10
chr8	14058168	14059267	8	15	8	15	8	7
chr8	23671201	23672529	11	11	13	8	11	10
chr8	23679102	23680280	14	12	12	9	5	7
chr8	24579988	24581235	17	30	27	27	15	25
chr8	28224170	28225740	40	40	32	35	25	31
chr8	28234218	28235405	13	16	5	16	7	8
chr8	28231638	28232902	25	39	22	32	27	28
chr8	28337757	28339457	39	62	33	32	56	53
chr8	34904825	34906122	19	19	9	14	12	16
chr8	34916463	34917639	38	54	53	42	32	27
chr8	36651170	36653142	65	51	33	48	46	55
chr8	47647401	47648634	18	21	12	26	14	16
chr8	48050739	48051942	14	12	21	6	20	21
chr8	49222995	49224159	24	35	32	29	29	18
chr8	63827849	63828939	16	30	25	16	29	34
chr8	70799902	70801525	21	28	20	18	20	26
chr8	72411907	72413956	74	108	69	71	65	63
chr8	72404226	72405741	9	17	8	7	21	19
chr8	72405996	72407896	12	24	11	16	18	21
chr8	72611392	72612745	28	35	27	31	35	35
chr8	72745572	72746801	22	17	16	17	13	13
chr8	72748478	72749835	13	21	8	10	12	8
chr8	72775153	72776407	19	22	9	7	8	13
chr8	72816422	72818213	43	47	37	46	42	32
chr8	72856265	72857765	32	35	23	33	23	29
chr8	72908964	72910445	14	20	17	12	15	19
chr8	72928726	72929886	41	38	34	29	31	24
chr8	72974916	72977505	52	65	58	62	31	38
chr8	73054487	73055799	24	36	38	18	14	27
chr8	73057985	73059326	18	12	7	12	6	5
chr8	73119812	73121476	54	70	49	55	55	52
chr8	73235233	73236409	13	20	12	13	9	20
chr8	73313203	73314492	42	61	39	48	34	36
chr8	73337889	73339076	25	24	29	26	23	30
chr8	73360244	73361896	33	40	36	31	34	21
chr8	73375552	73377269	44	53	35	35	38	34
chr8	73435873	73439486	262	372	246	265	198	239
chr8	73984876	73986160	46	65	46	32	44	44
chr8	74003931	74005287	52	71	48	54	46	54
chr8	74015583	74016865	17	27	16	12	20	26
chr8	74014709	74016114	30	33	30	19	24	25
chr8	74069029	74070302	15	27	14	18	21	20
chr8	74107630	74109375	25	35	22	19	30	32
chr8	74405280	74406644	17	13	11	14	41	21
chr8	74780169	74781355	8	12	7	4	6	9
chr8	74985350	74986839	20	21	14	9	14	11
chr8	74991815	74993004	10	21	7	15	17	11
chr8	75173765	75174814	41	54	46	33	29	40
chr8	75285982	75287355	15	17	23	19	29	27
chr8	75557422	75558542	12	17	9	12	15	19
chr8	80015121	80016304	18	28	26	17	19	24
chr8	81712952	81714566	10	24	9	20	9	14
chr8	83537509	83538627	19	25	15	22	17	20
chr8	85765994	85767107	6	13	3	12	10	7
chr8	86171029	86172064	7	8	11	9	19	12
chr8	86215945	86217315	23	40	25	24	19	33
chr8	86454480	86455680	14	17	13	9	9	7
chr8	86461783	86463074	23	32	20	26	17	16
chr8	86565751	86567004	32	51	36	45	40	37
chr8	86611174	86612351	15	15	9	14	12	13
chr8	86618201	86619785	29	39	19	21	18	22
chr8	86620571	86621752	17	14	9	18	12	23
chr8	86656333	86657711	26	29	21	16	16	17
chr8	86655252	86656730	11	27	19	22	17	10
chr8	86731320	86732559	45	54	42	58	35	45
chr8	86740674	86741660	7	14	9	9	8	7
chr8	87089387	87090743	18	27	20	26	33	32
chr8	87222513	87223854	38	54	45	42	28	23
chr8	87239526	87240662	25	30	32	33	37	22
chr8	87253457	87255556	57	72	50	50	58	52
chr8	87384451	87385737	22	27	20	15	14	18
chr8	87435614	87437881	49	65	48	41	67	62
chr8	87530983	87532279	17	29	23	19	28	22
chr8	87552794	87553872	31	53	30	41	33	24
chr8	90212734	90213992	35	59	43	37	46	52
chr8	90293187	90294445	18	28	14	22	11	24
chr8	90303688	90305761	34	38	39	24	26	34
chr8	90305758	90308079	50	75	52	64	42	60
chr8	90360467	90361886	71	82	60	49	47	64
chr8	90940933	90941949	19	21	15	19	17	15
chr8	91115062	91116368	11	19	16	6	14	11
chr8	91187494	91189785	25	30	28	21	31	28
chr8	91426644	91427724	4	7	12	7	11	16
chr8	92771713	92772818	10	8	14	12	12	11
chr8	97361961	97363116	6	13	8	6	10	6
chr8	97625742	97627096	7	10	12	10	12	16
chr8	97764533	97765821	3	12	11	14	7	13
chr8	97851204	97853798	81	80	70	66	56	71
chr8	98082410	98083627	9	19	7	23	6	15
chr8	98239755	98240936	15	34	16	17	16	17
chr8	107816719	107818057	53	88	62	57	46	49
chr8	107879947	107881451	22	37	45	37	20	25
chr8	108227385	108229020	36	55	45	32	24	33
chr8	108466501	108468018	24	29	11	20	17	20
chr8	109572217	109573365	19	35	18	20	21	20
chr8	111317266	111318729	17	32	15	13	22	22
chr8	111473447	111474782	5	13	9	6	14	11
chr8	111470415	111472008	19	21	21	18	22	25
chr8	112471455	112472944	13	33	28	32	27	34
chr8	112553627	112554949	6	17	7	8	12	7
chr8	112624907	112626568	9	11	8	11	22	18
chr8	113242902	113243980	75	89	72	68	46	71
chr8	113255333	113256453	10	11	5	9	3	11
chr8	113260507	113262491	17	32	25	28	22	25
chr8	113565978	113567128	15	27	14	18	7	8
chr8	114236968	114238828	50	44	36	40	37	32
chr8	114413434	114415222	23	37	28	15	26	36
chr8	115112706	115113711	10	8	7	5	3	7
chr8	119412996	119414175	10	7	8	5	6	11
chr8	119959987	119961300	18	22	21	17	16	24
chr8	120113386	120114606	8	15	10	9	13	12
chr8	122070632	122071844	39	50	29	41	34	29
chr8	122122184	122123709	23	37	23	19	15	22
chr8	122120088	122121528	41	82	50	51	44	48
chr8	122138058	122140484	34	55	59	47	50	41
chr8	122156385	122157920	50	60	51	37	48	48
chr8	122202733	122203900	21	12	31	19	23	25
chr8	122261733	122262863	25	28	26	32	26	20
chr8	122291527	122292901	22	14	10	7	21	24
chr8	122479931	122481487	15	22	12	18	6	18
chr8	122471896	122472981	39	37	35	38	27	35
chr8	122537212	122538690	28	33	22	23	37	40
chr8	122794003	122795246	29	32	22	27	30	31
chr8	122831493	122832817	62	80	69	62	50	63
chr8	122840350	122841831	24	28	31	25	23	26
chr8	123270745	123271895	12	14	12	15	9	14
chr8	123383588	123385422	25	27	21	21	37	35
chr8	123406833	123408012	24	28	27	22	20	30
chr8	123547085	123548314	9	17	12	14	14	15
chr8	123727055	123728595	28	32	34	38	36	31
chr8	123778866	123780355	15	26	20	32	24	32
chr8	123786399	123787762	14	23	19	18	22	22
chr8	123817518	123819440	36	36	33	37	45	43
chr8	123991554	123993502	33	35	21	31	33	30
chr8	124001653	124002832	21	27	24	21	17	23
chr8	124025153	124026226	14	15	11	12	13	17
chr8	124054801	124056038	7	20	19	19	15	22
chr8	124083299	124084513	21	21	20	12	14	16
chr8	124079689	124080978	15	24	21	20	23	15
chr8	124085710	124087619	32	68	62	56	60	54
chr8	124127646	124129828	43	68	61	40	35	41
chr8	124276469	124278212	14	27	15	20	13	27
chr8	124272960	124274080	14	16	10	13	12	10
chr8	124324801	124325899	10	24	19	17	10	11
chr8	124520417	124521881	9	14	10	11	8	9
chr8	124650170	124651452	6	11	8	15	7	10
chr8	124684544	124685705	12	16	7	11	16	10
chr8	124794205	124795848	22	38	24	25	33	33
chr8	125004390	125005689	14	7	4	12	10	8
chr8	125023200	125024245	8	9	10	13	8	9
chr8	125009996	125012829	30	39	32	37	32	26
chr8	125026799	125028030	14	19	15	9	15	18
chr8	125127270	125128462	7	12	10	20	13	16
chr8	125158380	125159769	18	32	18	19	20	19
chr8	125160304	125161633	32	45	35	37	32	38
chr8	125309307	125310395	3	13	7	6	4	10
chr8	125384158	125385523	10	20	16	16	28	24
chr8	125375705	125377003	12	19	12	9	16	10
chr8	125580161	125581367	8	16	20	12	12	11
chr8	125770260	125771423	11	24	21	12	13	17
chr8	125791015	125792367	15	21	12	8	15	13
chr8	126847049	126848186	12	12	5	12	6	7
chr8	126899388	126900647	12	18	16	12	10	9
chr8	127087425	127088726	11	7	8	9	8	11
chr8	127177255	127178577	27	36	30	45	51	44
chr8	127346474	127347693	9	15	9	3	9	17
chr9	34995901	34997229	15	36	29	21	30	25
chr9	106560846	106562239	26	30	17	25	18	20
chr9	108396318	108397916	36	55	43	29	24	29
chr9	15678357	15679637	14	6	10	22	13	23
chr9	21822508	21823762	40	65	39	40	49	37
chr9	44318541	44320097	39	43	38	39	15	27
chr9	62438336	62439635	14	21	22	16	15	23
chr9	106363832	106365454	33	29	21	31	26	40
chr9	110280665	110281973	22	14	21	17	22	17
chr9	8115494	8116555	3	6	3	7	4	8
chr9	14554775	14556611	16	26	23	22	23	31
chr9	14845380	14846646	23	33	25	37	30	25
chr9	15741990	15743255	8	11	11	11	9	8
chr9	18583504	18584592	7	9	13	7	12	22
chr9	20442508	20444101	27	41	34	27	25	30
chr9	20530129	20531692	39	71	37	40	22	42
chr9	20676969	20678141	17	20	21	19	22	17
chr9	20698978	20700262	31	37	21	16	12	13
chr9	20723465	20724950	15	20	12	14	13	11
chr9	20829591	20830705	31	48	20	31	26	42
chr9	20870629	20872379	32	48	38	38	33	37
chr9	20883318	20885008	15	16	18	19	12	14
chr9	20911867	20912990	36	44	39	36	29	32
chr9	20924215	20925782	28	35	25	21	25	28
chr9	20925424	20926761	23	27	36	28	29	27
chr9	20946585	20948146	34	35	27	30	21	29
chr9	20943520	20944854	15	17	16	12	14	16
chr9	20987967	20989313	50	95	69	54	57	67
chr9	21037378	21038918	31	20	42	44	26	51
chr9	21141726	21142922	33	46	40	32	42	45
chr9	21271522	21272587	11	12	9	5	8	14
chr9	21439581	21440972	13	14	11	8	11	12
chr9	21481762	21483160	16	21	12	6	12	7
chr9	21578477	21579635	26	24	15	23	20	22
chr9	21598672	21600023	33	35	34	33	21	28
chr9	21624293	21625443	28	42	28	38	33	25
chr9	21636764	21637896	33	29	21	18	25	24
chr9	21634090	21635234	16	15	11	18	18	12
chr9	21639280	21640899	33	48	31	37	22	42
chr9	21764530	21765738	53	56	34	33	40	40
chr9	21859571	21861082	48	86	56	38	41	37
chr9	21912063	21913453	4	16	15	10	9	10
chr9	22071679	22072782	6	9	11	3	10	5
chr9	26817496	26818435	17	25	14	14	8	9
chr9	27140624	27142918	31	38	28	33	28	49
chr9	31010765	31011807	34	36	32	40	37	41
chr9	32347429	32348672	20	29	19	20	9	16
chr9	37334980	37336315	43	65	46	53	38	35
chr9	37383660	37384760	21	17	10	16	21	15
chr9	43552809	43554123	19	23	22	19	17	20
chr9	43610872	43612545	27	43	29	30	24	28
chr9	44071299	44072871	30	37	26	24	33	30
chr9	44522900	44525273	30	58	36	33	26	38
chr9	44518339	44520475	85	133	77	87	96	92
chr9	44591189	44592392	11	6	6	7	6	14
chr9	46011710	46012987	9	10	8	8	5	6
chr9	46142241	46143506	33	38	40	32	32	42
chr9	49224088	49225237	7	16	8	3	4	6
chr9	50368868	50370131	9	16	8	9	19	23
chr9	51892867	51893805	9	8	3	13	5	10
chr9	56744218	56746879	31	50	40	44	45	31
chr9	57104745	57106456	52	70	37	45	31	47
chr9	57353112	57354436	53	57	42	66	54	39
chr9	57643354	57644907	24	34	30	24	18	20
chr9	57880072	57881486	10	10	8	16	10	10
chr9	57888584	57889854	58	71	53	57	53	53
chr9	58004643	58006537	21	27	33	32	30	24
chr9	58159043	58161605	35	65	56	35	47	67
chr9	58337508	58338763	55	67	46	41	37	43
chr9	58335925	58337276	18	30	15	15	15	16
chr9	58695026	58696472	27	37	36	49	37	28
chr9	58706417	58708927	50	77	53	53	60	60
chr9	59834806	59836387	7	16	23	14	15	16
chr9	61249192	61250303	26	31	19	10	33	33
chr9	61377518	61378798	46	55	41	38	48	40
chr9	62129356	62130487	14	17	25	12	15	15
chr9	62948844	62949944	28	23	15	30	19	23
chr9	63800826	63802244	31	47	34	31	31	27
chr9	65000695	65001732	51	69	50	33	36	44
chr9	65219198	65220501	16	22	25	11	17	13
chr9	66067800	66069135	22	35	15	20	23	32
chr9	67193740	67194788	5	8	3	6	8	8
chr9	72951131	72952133	5	15	10	7	15	17
chr9	75195168	75196563	10	21	19	21	22	12
chr9	97265588	97267134	10	10	8	14	9	12
chr9	99537354	99538738	11	24	16	8	20	18
chr9	101635525	101636568	10	11	4	5	7	11
chr9	102396321	102397472	23	31	25	17	25	18
chr9	102622077	102623465	53	93	71	72	48	56
chr9	103381643	103382789	7	11	11	7	9	9
chr9	103400800	103402680	18	26	27	20	32	20
chr9	105902213	105903656	15	23	21	22	17	20
chr9	106127664	106129262	24	22	14	15	11	19
chr9	106204643	106205896	16	13	20	17	14	17
chr9	106272751	106273886	43	77	50	41	45	44
chr9	106275637	106276955	31	33	22	19	22	29
chr9	106365104	106366357	26	27	20	19	12	22
chr9	106436606	106437700	7	10	7	7	10	10
chr9	106552447	106553827	18	10	12	13	12	15
chr9	106595160	106596386	12	35	13	12	13	16
chr9	106594633	106595748	17	30	13	12	11	14
chr9	106797249	106798759	13	17	10	14	18	10
chr9	107407057	107408669	17	33	14	16	22	14
chr9	107500731	107502168	41	47	32	37	28	30
chr9	107559668	107560856	25	41	24	21	29	37
chr9	107556968	107558393	19	11	15	18	11	16
chr9	107584409	107585689	28	41	28	33	26	20
chr9	107589498	107590921	41	56	41	40	34	46
chr9	107984255	107986026	51	71	39	53	49	50
chr9	108011907	108013908	36	53	59	46	43	47
chr9	108013805	108016307	26	40	36	32	33	41
chr9	108506326	108507453	19	45	27	27	23	20
chr9	108594462	108595640	17	31	27	18	22	17
chr9	108699185	108700223	30	28	24	16	17	18
chr9	108874359	108875671	13	13	16	14	11	18
chr9	108909830	108910970	23	41	24	27	31	26
chr9	109677168	109678279	13	8	14	10	10	24
chr9	110282595	110284591	50	55	39	45	54	41
chr9	110540040	110541807	28	41	38	17	26	25
chr9	110796488	110797583	59	44	43	41	34	37
chr9	114276620	114277908	31	30	31	23	32	33
chr9	119038348	119039917	27	40	37	32	39	34
chr9	119420447	119422102	12	21	14	13	27	21
chr9	119829093	119830128	5	9	13	4	6	4
chr9	120076646	120078066	17	17	25	30	29	20
chr9	120448486	120449833	45	52	46	44	32	47
chr9	120770670	120771810	18	13	8	14	16	16
chr9	121672356	121673753	42	51	45	37	34	41
chr9	121697161	121698678	10	15	11	11	14	14
chr9	123065259	123066601	10	17	12	12	17	21
chrX	7309928	7311201	18	25	19	22	14	11
chrX	7647512	7648623	13	11	8	11	11	4
chrX	7779907	7781044	8	14	8	10	6	6
chrX	34588941	34590029	21	27	17	18	11	20
chrX	71151423	71152554	12	10	5	8	5	7
chrX	100642596	100643672	16	25	19	18	23	16
